5003663,1064805
5003664,1085731
5003665,1070342
5003666,1111746
5003667,1075107
5003668,1033374
5003669,1023723
5003670,1158152
5003671,1200038
5003672,1157076
5003673,1035375
5003674,1025246
5003675,1118211
5003676,1123394
5003677,1183707
5003678,1195912
5003679,1031641
5003680,1019311
5003681,1059823
5003682,1185178
5003683,1108352
5003684,1094468
5003685,1043020
5003686,1121842
5003687,1069054
5003688,1118012
5003689,1196391
5003690,1124827
5003691,1110466
5003692,1000237
5003693,1139852
5003694,1082318
5003695,1120875
5003696,1064763
5003697,1082786
5003698,1066095
5003699,1185241
5003700,1044018
5003701,1125647
5003702,1160390
5003703,1200277
5003704,1160315
5003705,1106976
5003706,1146038
5003707,1100106
5003708,1180836
5003709,1155646
5003710,1153367
5003711,1055731
5003712,1200002
5003713,1142836
5003714,1124285
5003715,1172913
5003716,1000850
5003717,1178481
5003718,1073115
5003719,1191711
5003720,1034387
5003721,1155942
5003722,1189496
5003723,1174993
5003724,1016075
5003725,1070262
5003726,1112700
5003727,1173042
5003728,1173271
5003729,1073288
5003730,1180641
5003731,1174979
5003732,1088580
5003733,1190707
5003734,1194811
5003735,1035160
5003736,1159637
5003737,1200617
5003738,1015833
5003739,1159919
5003740,1012644
5003741,1167210
5003742,1060796
5003743,1026252
5003744,1119864
5003745,1072689
5003746,1024117
5003747,1039791
5003748,1022025
5003749,1091862
5003750,1065367
5003751,1173800
5003752,1007360
5003753,1151486
5003754,1078318
5003755,1165929
5003756,1183855
5003757,1091504
5003758,1110218
5003759,1025112
5003760,1099513
5003761,1117022
5003762,1023529
5003763,1137047
5003764,1138809
5003765,1014958
5003766,1032531
5003767,1078822
5003768,1166923
5003769,1166748
5003770,1045012
5003771,1190439
5003772,1116816
5003773,1082430
5003774,1154834
5003775,1162636
5003776,1011637
5003777,1153426
5003778,1174228
5003779,1010726
5003780,1121134
5003781,1090727
5003782,1177024
5003783,1007873
5003784,1035378
5003785,1050904
5003786,1132649
5003787,1063589
5003788,1133974
5003789,1118711
5003790,1019120
5003791,1134993
5003792,1049936
5003793,1132593
5003794,1020916
5003795,1054999
5003796,1080636
5003797,1093680
5003798,1029009
5003799,1164912
5003800,1014681
5003801,1164894
5003802,1134148
5003803,1089523
5003804,1105143
5003805,1142869
5003806,1189526
5003807,1103932
5003808,1028394
5003809,1035810
5003810,1100870
5003811,1172954
5003812,1074234
5003813,1093197
5003814,1001845
5003815,1109050
5003816,1019892
5003817,1038720
5003818,1128583
5003819,1178968
5003820,1163705
5003821,1140289
5003822,1112067
5003823,1001802
5003824,1170096
5003825,1153137
5003826,1172347
5003827,1042668
5003828,1018226
5003829,1114477
5003830,1057148
5003831,1062487
5003832,1048453
5003833,1083551
5003834,1084833
5003835,1129354
5003836,1178714
5003837,1105931
5003838,1174683
5003839,1163622
5003840,1183518
5003841,1047901
5003842,1002960
5003843,1099547
5003844,1013642
5003845,1074473
5003846,1043819
5003847,1179776
5003848,1150897
5003849,1081570
5003850,1028571
5003851,1166525
5003852,1119311
5003853,1174043
5003854,1143672
5003855,1083169
5003856,1141202
5003857,1124998
5003858,1099168
5003859,1105764
5003860,1093051
5003861,1098061
5003862,1147065
5003863,1104979
5003864,1027063
5003865,1002066
5003866,1085758
5003867,1075206
5003868,1084181
5003869,1054554
5003870,1095186
5003871,1191300
5003872,1056846
5003873,1106643
5003874,1007911
5003875,1157536
5003876,1125656
5003877,1173843
5003878,1156615
5003879,1080052
5003880,1106412
5003881,1065439
5003882,1177514
5003883,1146786
5003884,1005302
5003885,1159013
5003886,1038106
5003887,1115802
5003888,1187228
5003889,1058289
5003890,1107695
5003891,1077543
5003892,1002734
5003893,1152335
5003894,1115711
5003895,1126109
5003896,1011624
5003897,1116511
5003898,1179862
5003899,1170746
5003900,1136172
5003901,1049322
5003902,1005805
5003903,1046751
5003904,1061331
5003905,1175400
5003906,1005762
5003907,1143646
5003908,1145624
5003909,1160692
5003910,1147616
5003911,1124308
5003912,1193088
5003913,1161118
5003914,1020848
5003915,1004301
5003916,1195249
5003917,1086209
5003918,1177686
5003919,1186424
5003920,1159900
5003921,1046076
5003922,1161657
5003923,1021251
5003924,1101501
5003925,1124979
5003926,1115629
5003927,1004059
5003928,1115072
5003929,1191970
5003930,1030115
5003931,1043344
5003932,1197682
5003933,1013236
5003934,1007336
5003935,1145167
5003936,1141232
5003937,1136530
5003938,1147155
5003939,1128687
5003940,1036933
5003941,1167956
5003942,1035590
5003943,1145437
5003944,1085800
5003945,1070496
5003946,1096855
5003947,1003288
5003948,1150239
5003949,1074584
5003950,1002174
5003951,1031962
5003952,1033493
5003953,1074328
5003954,1074464
5003955,1006965
5003956,1181352
5003957,1091111
5003958,1175933
5003959,1124432
5003960,1023167
5003961,1092723
5003962,1083617
5003963,1081066
5003964,1116680
5003965,1068305
5003966,1001203
5003967,1172893
5003968,1023095
5003969,1200972
5003970,1103356
5003971,1033154
5003972,1073159
5003973,1191107
5003974,1060736
5003975,1008004
5003976,1053199
5003977,1198512
5003978,1193279
5003979,1026114
5003980,1172643
5003981,1200699
5003982,1150708
5003983,1139330
5003984,1083060
5003985,1054195
5003986,1113105
5003987,1106947
5003988,1012164
5003989,1029721
5003990,1192491
5003991,1023269
5003992,1079100
5003993,1188890
5003994,1172879
5003995,1029891
5003996,1186513
5003997,1151278
5003998,1112872
5003999,1137326
5004000,1102823
5004001,1006048
5004002,1044927
5004003,1099336
5004004,1103530
5004005,1024075
5004006,1106128
5004007,1131006
5004008,1078962
5004009,1145517
5004010,1020579
5004011,1161537
5004012,1067579
5004013,1119221
5004014,1008532
5004015,1112474
5004016,1165591
5004017,1132516
5004018,1062809
5004019,1149164
5004020,1189423
5004021,1082944
5004022,1109577
5004023,1178593
5004024,1031038
5004025,1058553
5004026,1171947
5004027,1124280
5004028,1139652
5004029,1076014
5004030,1027409
5004031,1102956
5004032,1006184
5004033,1036870
5004034,1178430
5004035,1188655
5004036,1105820
5004037,1054370
5004038,1102671
5004039,1030311
5004040,1104802
5004041,1200363
5004042,1125461
5004043,1052528
5004044,1191805
5004045,1096287
5004046,1106298
5004047,1096601
5004048,1020229
5004049,1147315
5004050,1099165
5004051,1106410
5004052,1172368
5004053,1171436
5004054,1149531
5004055,1000098
5004056,1094365
5004057,1122621
5004058,1163220
5004059,1137347
5004060,1123924
5004061,1177644
5004062,1022077
5004063,1145629
5004064,1083941
5004065,1118778
5004066,1065379
5004067,1022501
5004068,1086733
5004069,1008345
5004070,1172659
5004071,1101871
5004072,1012673
5004073,1094278
5004074,1145153
5004075,1117227
5004076,1172713
5004077,1010033
5004078,1017441
5004079,1087266
5004080,1010843
5004081,1170808
5004082,1179466
5004083,1037653
5004084,1025694
5004085,1110927
5004086,1037242
5004087,1116828
5004088,1090221
5004089,1077759
5004090,1039195
5004091,1152347
5004092,1040449
5004093,1091285
5004094,1073674
5004095,1153752
5004096,1155542
5004097,1163853
5004098,1084510
5004099,1074871
5004100,1039781
5004101,1191761
5004102,1171031
5004103,1042703
5004104,1153458
5004105,1051828
5004106,1028907
5004107,1156899
5004108,1072636
5004109,1198078
5004110,1019950
5004111,1116828
5004112,1100576
5004113,1155439
5004114,1088600
5004115,1081656
5004116,1147053
5004117,1074288
5004118,1108253
5004119,1156731
5004120,1143480
5004121,1080623
5004122,1118148
5004123,1030256
5004124,1057957
5004125,1153224
5004126,1105299
5004127,1174041
5004128,1070669
5004129,1175545
5004130,1044275
5004131,1091045
5004132,1118768
5004133,1000382
5004134,1057094
5004135,1148609
5004136,1015716
5004137,1041201
5004138,1198223
5004139,1005654
5004140,1128161
5004141,1200296
5004142,1099094
5004143,1130643
5004144,1091984
5004145,1028060
5004146,1005286
5004147,1117075
5004148,1052414
5004149,1180558
5004150,1131348
5004151,1077246
5004152,1115718
5004153,1124969
5004154,1000308
5004155,1184687
5004156,1025091
5004157,1184734
5004158,1067622
5004159,1158011
5004160,1041243
5004161,1185447
5004162,1085542
5004163,1079540
5004164,1037703
5004165,1062715
5004166,1042106
5004167,1097448
5004168,1121548
5004169,1083917
5004170,1186419
5004171,1022701
5004172,1109708
5004173,1189191
5004174,1172608
5004175,1000047
5004176,1121395
5004177,1049085
5004178,1005978
5004179,1046034
5004180,1083651
5004181,1156309
5004182,1044000
5004183,1195894
5004184,1001843
5004185,1075258
5004186,1084685
5004187,1148210
5004188,1070369
5004189,1113266
5004190,1175652
5004191,1009308
5004192,1178406
5004193,1190923
5004194,1084677
5004195,1069613
5004196,1142287
5004197,1157166
5004198,1170482
5004199,1002676
5004200,1175035
5004201,1163251
5004202,1076286
5004203,1119848
5004204,1020887
5004205,1144977
5004206,1040893
5004207,1174591
5004208,1119382
5004209,1105440
5004210,1039434
5004211,1009510
5004212,1091463
5004213,1103896
5004214,1077842
5004215,1022778
5004216,1150527
5004217,1016208
5004218,1186170
5004219,1058839
5004220,1056424
5004221,1101800
5004222,1053035
5004223,1016081
5004224,1142741
5004225,1198402
5004226,1065203
5004227,1142712
5004228,1201165
5004229,1035099
5004230,1054571
5004231,1020348
5004232,1030497
5004233,1198322
5004234,1002258
5004235,1049610
5004236,1012064
5004237,1111591
5004238,1158220
5004239,1053010
5004240,1131128
5004241,1071555
5004242,1054192
5004243,1008671
5004244,1038504
5004245,1144892
5004246,1172859
5004247,1023827
5004248,1010945
5004249,1034275
5004250,1001293
5004251,1122844
5004252,1037633
5004253,1095982
5004254,1198846
5004255,1154591
5004256,1018834
5004257,1072784
5004258,1117394
5004259,1034188
5004260,1071987
5004261,1035801
5004262,1058436
5004263,1010119
5004264,1130950
5004265,1004919
5004266,1050358
5004267,1037216
5004268,1022409
5004269,1010177
5004270,1104342
5004271,1015765
5004272,1005094
5004273,1130327
5004274,1183489
5004275,1060505
5004276,1193125
5004277,1169118
5004278,1186940
5004279,1173124
5004280,1153633
5004281,1124978
5004282,1114873
5004283,1178827
5004284,1167634
5004285,1071561
5004286,1151823
5004287,1191145
5004288,1092869
5004289,1091333
5004290,1120878
5004291,1014407
5004292,1116542
5004293,1177123
5004294,1014370
5004295,1178763
5004296,1128823
5004297,1137330
5004298,1022524
5004299,1059449
5004300,1050976
5004301,1125892
5004302,1103940
5004303,1168664
5004304,1144969
5004305,1127566
5004306,1080255
5004307,1174436
5004308,1022154
5004309,1062318
5004310,1011916
5004311,1021640
5004312,1186330
5004313,1134797
5004314,1011150
5004315,1072132
5004316,1195200
5004317,1147296
5004318,1021147
5004319,1066947
5004320,1040612
5004321,1093107
5004322,1178773
5004323,1133678
5004324,1046264
5004325,1055849
5004326,1192578
5004327,1152145
5004328,1018699
5004329,1089742
5004330,1002207
5004331,1070189
5004332,1151060
5004333,1153684
5004334,1047404
5004335,1129532
5004336,1012073
5004337,1100776
5004338,1129109
5004339,1047271
5004340,1100936
5004341,1043166
5004342,1071400
5004343,1191776
5004344,1143070
5004345,1026046
5004346,1047530
5004347,1113165
5004348,1036892
5004349,1145149
5004350,1083315
5004351,1066947
5004352,1042752
5004353,1141355
5004354,1057196
5004355,1145582
5004356,1148930
5004357,1031637
5004358,1007927
5004359,1036731
5004360,1038520
5004361,1007697
5004362,1185938
5004363,1075576
5004364,1046236
5004365,1115452
5004366,1132675
5004367,1162621
5004368,1116438
5004369,1044575
5004370,1188232
5004371,1191538
5004372,1098009
5004373,1068796
5004374,1113069
5004375,1153005
5004376,1196486
5004377,1181798
5004378,1036641
5004379,1136436
5004380,1126118
5004381,1020091
5004382,1144949
5004383,1069933
5004384,1100765
5004385,1184053
5004386,1134803
5004387,1201312
5004388,1137252
5004389,1200028
5004390,1187978
5004391,1126787
5004392,1061352
5004393,1151381
5004394,1104849
5004395,1157580
5004396,1086642
5004397,1048899
5004398,1029363
5004399,1123167
5004400,1140953
5004401,1048391
5004402,1006686
5004403,1167409
5004404,1184703
5004405,1153280
5004406,1002657
5004407,1033309
5004408,1000974
5004409,1014994
5004410,1177044
5004411,1061762
5004412,1024795
5004413,1192214
5004414,1181238
5004415,1187507
5004416,1066146
5004417,1031953
5004418,1148403
5004419,1017282
5004420,1170800
5004421,1055463
5004422,1056298
5004423,1164313
5004424,1185272
5004425,1046694
5004426,1128492
5004427,1139003
5004428,1009939
5004429,1149232
5004430,1067025
5004431,1163002
5004432,1156676
5004433,1069613
5004434,1001560
5004435,1058702
5004436,1129324
5004437,1155572
5004438,1012471
5004439,1133829
5004440,1197285
5004441,1042094
5004442,1000052
5004443,1051347
5004444,1030419
5004445,1074919
5004446,1143471
5004447,1090361
5004448,1097658
5004449,1118338
5004450,1061555
5004451,1018538
5004452,1112112
5004453,1161806
5004454,1095114
5004455,1079560
5004456,1198821
5004457,1028269
5004458,1151354
5004459,1007521
5004460,1046204
5004461,1085620
5004462,1133001
5004463,1051217
5004464,1177725
5004465,1071253
5004466,1071302
5004467,1059177
5004468,1001749
5004469,1087528
5004470,1098106
5004471,1036795
5004472,1123250
5004473,1052552
5004474,1070758
5004475,1160605
5004476,1043456
5004477,1152737
5004478,1031549
5004479,1117761
5004480,1012355
5004481,1173106
5004482,1130576
5004483,1144909
5004484,1146845
5004485,1087031
5004486,1017372
5004487,1081764
5004488,1045703
5004489,1037360
5004490,1152666
5004491,1178469
5004492,1037356
5004493,1189003
5004494,1196943
5004495,1043568
5004496,1200570
5004497,1014517
5004498,1189325
5004499,1075908
5004500,1177618
5004501,1076759
5004502,1064935
5004503,1054597
5004504,1098406
5004505,1127922
5004506,1095220
5004507,1188405
5004508,1018579
5004509,1050585
5004510,1144541
5004511,1065953
5004512,1063325
5004513,1109253
5004514,1073649
5004515,1036105
5004516,1043188
5004517,1155338
5004518,1120493
5004519,1188166
5004520,1177007
5004521,1017028
5004522,1149746
5004523,1102538
5004524,1091398
5004525,1191246
5004526,1154111
5004527,1179211
5004528,1188145
5004529,1200730
5004530,1037291
5004531,1076459
5004532,1130765
5004533,1067764
5004534,1156520
5004535,1060375
5004536,1116650
5004537,1179639
5004538,1178498
5004539,1031672
5004540,1089969
5004541,1132398
5004542,1184685
5004543,1174885
5004544,1021295
5004545,1002962
5004546,1060869
5004547,1099480
5004548,1173036
5004549,1074467
5004550,1147912
5004551,1166964
5004552,1074874
5004553,1181285
5004554,1026424
5004555,1131732
5004556,1047604
5004557,1047629
5004558,1085787
5004559,1111378
5004560,1130653
5004561,1062888
5004562,1012444
5004563,1038177
5004564,1149374
5004565,1153337
5004566,1096758
5004567,1043957
5004568,1094602
5004569,1120836
5004570,1105768
5004571,1030142
5004572,1069579
5004573,1102955
5004574,1150109
5004575,1185809
5004576,1083084
5004577,1079491
5004578,1196789
5004579,1128567
5004580,1170460
5004581,1165025
5004582,1016460
5004583,1078456
5004584,1092342
5004585,1055404
5004586,1148333
5004587,1128257
5004588,1094375
5004589,1117453
5004590,1042270
5004591,1185812
5004592,1062215
5004593,1127804
5004594,1073296
5004595,1026598
5004596,1030493
5004597,1065520
5004598,1165417
5004599,1078097
5004600,1154084
5004601,1165000
5004602,1163250
5004603,1006237
5004604,1023451
5004605,1145935
5004606,1088348
5004607,1196567
5004608,1074258
5004609,1001246
5004610,1015343
5004611,1011016
5004612,1155970
5004613,1064607
5004614,1098055
5004615,1021403
5004616,1057857
5004617,1011614
5004618,1048871
5004619,1117138
5004620,1175435
5004621,1005127
5004622,1040422
5004623,1035758
5004624,1144527
5004625,1010949
5004626,1156720
5004627,1099952
5004628,1093255
5004629,1098358
5004630,1136228
5004631,1185668
5004632,1036510
5004633,1155405
5004634,1179260
5004635,1113757
5004636,1029196
5004637,1058919
5004638,1010642
5004639,1192292
5004640,1083640
5004641,1169716
5004642,1095203
5004643,1009913
5004644,1001760
5004645,1048361
5004646,1105436
5004647,1118505
5004648,1178667
5004649,1168623
5004650,1119182
5004651,1086344
5004652,1160410
5004653,1182367
5004654,1187113
5004655,1030765
5004656,1109023
5004657,1184898
5004658,1041246
5004659,1132616
5004660,1177862
5004661,1167987
5004662,1032815
5004663,1022282
5004664,1188018
5004665,1027641
5004666,1199104
5004667,1139742
5004668,1165633
5004669,1156260
5004670,1031039
5004671,1139490
5004672,1081322
5004673,1168689
5004674,1179539
5004675,1135706
5004676,1199930
5004677,1023318
5004678,1066875
5004679,1029802
5004680,1001779
5004681,1056162
5004682,1087482
5004683,1151608
5004684,1190768
5004685,1078879
5004686,1147063
5004687,1150900
5004688,1068620
5004689,1183113
5004690,1128156
5004691,1107286
5004692,1057053
5004693,1116609
5004694,1077415
5004695,1108133
5004696,1012102
5004697,1105461
5004698,1189691
5004699,1186810
5004700,1122033
5004701,1104806
5004702,1075207
5004703,1009449
5004704,1133351
5004705,1186728
5004706,1105513
5004707,1086143
5004708,1144871
5004709,1179945
5004710,1109733
5004711,1052814
5004712,1180389
5004713,1157820
5004714,1122784
5004715,1089829
5004716,1129221
5004717,1100042
5004718,1139335
5004719,1120235
5004720,1150917
5004721,1092565
5004722,1123924
5004723,1095865
5004724,1174659
5004725,1077684
5004726,1143251
5004727,1185138
5004728,1017151
5004729,1160816
5004730,1142912
5004731,1067516
5004732,1065557
5004733,1168113
5004734,1171585
5004735,1000716
5004736,1148809
5004737,1160984
5004738,1097157
5004739,1022181
5004740,1193909
5004741,1056454
5004742,1102937
5004743,1112407
5004744,1181614
5004745,1059793
5004746,1121352
5004747,1196374
5004748,1183379
5004749,1038159
5004750,1187777
5004751,1116896
5004752,1083004
5004753,1056371
5004754,1019984
5004755,1141144
5004756,1152644
5004757,1163168
5004758,1012997
5004759,1138317
5004760,1091475
5004761,1041357
5004762,1050607
5004763,1077654
5004764,1027686
5004765,1064173
5004766,1033424
5004767,1175224
5004768,1170170
5004769,1025412
5004770,1065835
5004771,1165237
5004772,1118304
5004773,1063175
5004774,1197279
5004775,1049008
5004776,1006380
5004777,1143741
5004778,1110320
5004779,1132825
5004780,1022834
5004781,1042157
5004782,1032468
5004783,1053404
5004784,1092894
5004785,1082605
5004786,1146425
5004787,1165265
5004788,1131916
5004789,1166519
5004790,1068731
5004791,1063737
5004792,1168418
5004793,1190951
5004794,1008428
5004795,1079026
5004796,1001623
5004797,1001485
5004798,1075460
5004799,1104821
5004800,1066485
5004801,1049997
5004802,1200777
5004803,1131661
5004804,1113961
5004805,1125330
5004806,1120452
5004807,1092702
5004808,1117027
5004809,1095255
5004810,1121667
5004811,1034231
5004812,1069149
5004813,1030762
5004814,1087807
5004815,1060661
5004816,1150080
5004817,1087552
5004818,1060103
5004819,1014340
5004820,1135204
5004821,1122163
5004822,1098749
5004823,1019797
5004824,1132032
5004825,1195411
5004826,1059191
5004827,1078818
5004828,1193795
5004829,1195038
5004830,1016879
5004831,1022342
5004832,1094042
5004833,1016269
5004834,1021636
5004835,1137441
5004836,1140109
5004837,1107935
5004838,1109524
5004839,1024201
5004840,1174899
5004841,1146338
5004842,1092977
5004843,1185520
5004844,1175331
5004845,1141159
5004846,1167286
5004847,1040287
5004848,1050939
5004849,1190284
5004850,1095074
5004851,1088996
5004852,1141963
5004853,1107290
5004854,1142859
5004855,1156033
5004856,1182639
5004857,1172077
5004858,1139653
5004859,1088118
5004860,1116204
5004861,1111150
5004862,1122059
5004863,1061442
5004864,1079797
5004865,1109431
5004866,1170974
5004867,1123615
5004868,1094339
5004869,1062323
5004870,1032180
5004871,1118994
5004872,1011424
5004873,1065771
5004874,1062583
5004875,1101524
5004876,1117116
5004877,1075171
5004878,1198044
5004879,1072798
5004880,1105327
5004881,1045203
5004882,1152730
5004883,1048915
5004884,1135062
5004885,1012731
5004886,1078208
5004887,1135807
5004888,1168854
5004889,1058183
5004890,1083800
5004891,1120771
5004892,1048745
5004893,1000339
5004894,1154275
5004895,1097486
5004896,1164155
5004897,1172685
5004898,1201286
5004899,1133501
5004900,1118190
5004901,1006524
5004902,1010638
5004903,1161500
5004904,1111491
5004905,1036059
5004906,1150270
5004907,1146934
5004908,1195059
5004909,1072716
5004910,1001735
5004911,1176946
5004912,1089279
5004913,1136161
5004914,1058636
5004915,1129018
5004916,1029878
5004917,1010462
5004918,1052568
5004919,1019786
5004920,1192637
5004921,1121701
5004922,1150405
5004923,1007718
5004924,1045757
5004925,1037814
5004926,1048188
5004927,1033153
5004928,1147210
5004929,1020913
5004930,1009730
5004931,1190768
5004932,1047165
5004933,1188854
5004934,1131666
5004935,1038461
5004936,1079358
5004937,1140557
5004938,1188139
5004939,1095436
5004940,1032606
5004941,1161658
5004942,1127786
5004943,1059217
5004944,1036053
5004945,1160397
5004946,1152205
5004947,1170318
5004948,1056472
5004949,1133503
5004950,1124713
5004951,1047768
5004952,1026597
5004953,1051235
5004954,1011254
5004955,1043621
5004956,1087144
5004957,1166168
5004958,1065688
5004959,1036859
5004960,1037425
5004961,1117605
5004962,1200673
5004963,1116488
5004964,1113922
5004965,1123356
5004966,1112838
5004967,1192158
5004968,1091120
5004969,1080867
5004970,1093072
5004971,1130860
5004972,1150697
5004973,1160251
5004974,1076214
5004975,1159824
5004976,1037751
5004977,1108283
5004978,1072264
5004979,1119910
5004980,1142637
5004981,1058058
5004982,1141141
5004983,1049669
5004984,1099744
5004985,1080442
5004986,1144232
5004987,1137337
5004988,1151071
5004989,1012604
5004990,1153102
5004991,1050087
5004992,1188575
5004993,1087391
5004994,1034784
5004995,1191726
5004996,1083011
5004997,1083880
5004998,1083779
5004999,1195054
5005000,1038211
5005001,1144902
5005002,1028479
5005003,1030194
5005004,1146746
5005005,1145031
5005006,1133802
5005007,1061699
5005008,1127794
5005009,1156121
5005010,1009872
5005011,1200833
5005012,1164686
5005013,1087157
5005014,1150113
5005015,1079517
5005016,1036374
5005017,1084801
5005018,1149711
5005019,1017663
5005020,1041826
5005021,1098605
5005022,1095414
5005023,1142909
5005024,1082621
5005025,1077841
5005026,1133314
5005027,1084826
5005028,1025172
5005029,1071253
5005030,1159941
5005031,1154727
5005032,1193317
5005033,1041933
5005034,1146358
5005035,1139428
5005036,1075444
5005037,1161014
5005038,1043834
5005039,1125897
5005040,1143217
5005041,1193411
5005042,1158907
5005043,1034318
5005044,1015403
5005045,1186262
5005046,1165921
5005047,1138463
5005048,1151630
5005049,1126070
5005050,1148659
5005051,1015719
5005052,1135494
5005053,1086354
5005054,1160955
5005055,1099310
5005056,1088717
5005057,1089912
5005058,1159013
5005059,1181606
5005060,1146583
5005061,1166000
5005062,1121974
5005063,1075662
5005064,1027339
5005065,1054784
5005066,1132033
5005067,1044181
5005068,1081592
5005069,1174556
5005070,1188102
5005071,1144357
5005072,1069820
5005073,1040278
5005074,1171380
5005075,1013147
5005076,1177065
5005077,1110470
5005078,1000402
5005079,1004648
5005080,1110031
5005081,1020541
5005082,1086303
5005083,1052040
5005084,1135840
5005085,1163295
5005086,1133489
5005087,1175400
5005088,1157157
5005089,1179059
5005090,1106163
5005091,1099433
5005092,1028553
5005093,1002274
5005094,1013692
5005095,1169739
5005096,1136730
5005097,1128764
5005098,1176023
5005099,1184708
5005100,1108721
5005101,1074162
5005102,1167321
5005103,1136701
5005104,1153010
5005105,1176397
5005106,1117571
5005107,1004259
5005108,1021815
5005109,1126597
5005110,1070287
5005111,1108999
5005112,1090915
5005113,1179429
5005114,1200129
5005115,1195163
5005116,1095539
5005117,1095727
5005118,1081285
5005119,1097480
5005120,1152291
5005121,1057330
5005122,1059982
5005123,1085557
5005124,1152351
5005125,1065832
5005126,1082086
5005127,1178212
5005128,1063640
5005129,1077895
5005130,1161023
5005131,1111975
5005132,1135571
5005133,1007798
5005134,1174799
5005135,1060785
5005136,1137919
5005137,1065746
5005138,1073005
5005139,1072503
5005140,1040080
5005141,1109332
5005142,1170820
5005143,1054831
5005144,1029081
5005145,1127827
5005146,1019987
5005147,1003403
5005148,1051519
5005149,1102142
5005150,1047871
5005151,1023591
5005152,1161346
5005153,1183417
5005154,1193911
5005155,1196728
5005156,1186857
5005157,1010167
5005158,1189282
5005159,1069765
5005160,1063492
5005161,1139080
5005162,1024063
5005163,1151453
5005164,1173187
5005165,1108829
5005166,1178647
5005167,1136065
5005168,1197790
5005169,1020165
5005170,1143947
5005171,1020483
5005172,1012065
5005173,1099696
5005174,1031385
5005175,1163981
5005176,1126127
5005177,1158851
5005178,1155823
5005179,1054131
5005180,1195255
5005181,1084525
5005182,1033258
5005183,1053214
5005184,1102732
5005185,1074100
5005186,1134195
5005187,1038447
5005188,1091299
5005189,1193389
5005190,1035450
5005191,1046022
5005192,1183297
5005193,1148552
5005194,1088615
5005195,1124018
5005196,1142881
5005197,1157289
5005198,1007338
5005199,1103044
5005200,1194632
5005201,1197672
5005202,1036073
5005203,1096658
5005204,1023717
5005205,1179873
5005206,1053083
5005207,1163539
5005208,1072055
5005209,1189401
5005210,1086507
5005211,1198788
5005212,1198040
5005213,1146287
5005214,1037910
5005215,1056579
5005216,1175986
5005217,1058236
5005218,1017193
5005219,1012805
5005220,1086013
5005221,1006312
5005222,1007161
5005223,1098191
5005224,1007597
5005225,1051463
5005226,1101998
5005227,1005544
5005228,1044214
5005229,1105043
5005230,1064594
5005231,1199627
5005232,1046730
5005233,1049907
5005234,1097204
5005235,1177824
5005236,1193913
5005237,1191015
5005238,1005323
5005239,1144215
5005240,1030232
5005241,1015704
5005242,1042344
5005243,1038364
5005244,1014116
5005245,1081007
5005246,1119889
5005247,1025796
5005248,1001763
5005249,1149451
5005250,1051119
5005251,1141878
5005252,1004049
5005253,1151328
5005254,1116481
5005255,1168359
5005256,1196518
5005257,1074404
5005258,1145598
5005259,1063349
5005260,1165020
5005261,1021280
5005262,1091855
5005263,1142595
5005264,1047017
5005265,1102371
5005266,1180246
5005267,1136179
5005268,1026963
5005269,1158753
5005270,1186787
5005271,1196909
5005272,1103712
5005273,1096560
5005274,1116490
5005275,1004284
5005276,1078171
5005277,1053740
5005278,1059179
5005279,1184465
5005280,1073650
5005281,1066421
5005282,1027957
5005283,1197047
5005284,1083876
5005285,1039237
5005286,1050467
5005287,1172147
5005288,1019257
5005289,1030996
5005290,1087963
5005291,1172742
5005292,1068087
5005293,1034456
5005294,1035412
5005295,1082575
5005296,1129563
5005297,1111402
5005298,1074554
5005299,1037467
5005300,1148008
5005301,1019712
5005302,1036820
5005303,1166073
5005304,1087452
5005305,1107234
5005306,1070637
5005307,1125743
5005308,1073422
5005309,1129029
5005310,1105695
5005311,1142454
5005312,1122942
5005313,1004542
5005314,1037428
5005315,1196651
5005316,1166734
5005317,1115333
5005318,1112011
5005319,1107268
5005320,1094743
5005321,1125061
5005322,1168892
5005323,1105202
5005324,1070755
5005325,1173907
5005326,1120489
5005327,1064593
5005328,1110864
5005329,1022487
5005330,1077573
5005331,1109993
5005332,1146657
5005333,1055322
5005334,1047464
5005335,1038006
5005336,1124610
5005337,1153919
5005338,1190269
5005339,1006731
5005340,1126617
5005341,1181503
5005342,1095649
5005343,1187999
5005344,1028975
5005345,1094784
5005346,1062057
5005347,1114296
5005348,1089579
5005349,1052990
5005350,1146211
5005351,1108855
5005352,1041245
5005353,1080507
5005354,1123558
5005355,1025157
5005356,1085258
5005357,1099776
5005358,1096724
5005359,1019258
5005360,1131268
5005361,1091661
5005362,1133328
5005363,1142673
5005364,1137813
5005365,1101902
5005366,1044417
5005367,1111967
5005368,1067020
5005369,1186297
5005370,1187835
5005371,1016156
5005372,1059831
5005373,1126345
5005374,1067579
5005375,1129270
5005376,1024995
5005377,1111604
5005378,1048831
5005379,1091633
5005380,1053714
5005381,1146727
5005382,1013850
5005383,1010077
5005384,1052697
5005385,1088162
5005386,1076695
5005387,1114394
5005388,1031263
5005389,1104269
5005390,1113922
5005391,1133888
5005392,1077883
5005393,1046140
5005394,1078039
5005395,1159696
5005396,1062414
5005397,1169298
5005398,1159657
5005399,1093010
5005400,1050465
5005401,1156996
5005402,1050401
5005403,1069476
5005404,1075081
5005405,1078825
5005406,1167317
5005407,1146323
5005408,1065096
5005409,1081955
5005410,1094039
5005411,1073010
5005412,1192089
5005413,1143082
5005414,1090798
5005415,1106826
5005416,1071570
5005417,1153734
5005418,1031303
5005419,1193682
5005420,1187871
5005421,1005290
5005422,1161305
5005423,1174715
5005424,1152181
5005425,1191978
5005426,1009307
5005427,1040897
5005428,1020682
5005429,1184718
5005430,1000612
5005431,1066356
5005432,1073845
5005433,1161436
5005434,1079194
5005435,1091664
5005436,1073842
5005437,1008546
5005438,1066929
5005439,1193087
5005440,1189919
5005441,1162647
5005442,1174033
5005443,1113666
5005444,1176589
5005445,1036598
5005446,1131175
5005447,1097903
5005448,1061856
5005449,1036636
5005450,1134496
5005451,1196744
5005452,1193685
5005453,1019292
5005454,1038394
5005455,1032410
5005456,1173426
5005457,1123014
5005458,1119100
5005459,1047068
5005460,1151367
5005461,1001971
5005462,1112237
5005463,1018027
5005464,1140181
5005465,1199691
5005466,1061157
5005467,1193868
5005468,1177076
5005469,1153377
5005470,1101025
5005471,1045341
5005472,1025275
5005473,1065354
5005474,1013341
5005475,1013911
5005476,1119441
5005477,1111387
5005478,1077792
5005479,1015793
5005480,1034775
5005481,1048777
5005482,1044000
5005483,1154066
5005484,1198059
5005485,1023292
5005486,1056041
5005487,1103537
5005488,1154201
5005489,1055414
5005490,1181183
5005491,1142005
5005492,1010667
5005493,1152782
5005494,1083042
5005495,1041460
5005496,1053242
5005497,1174615
5005498,1045960
5005499,1154699
5005500,1099046
5005501,1057915
5005502,1070540
5005503,1182503
5005504,1032751
5005505,1118280
5005506,1135560
5005507,1140955
5005508,1016223
5005509,1033958
5005510,1037955
5005511,1157246
5005512,1045687
5005513,1107053
5005514,1098751
5005515,1082615
5005516,1157998
5005517,1091786
5005518,1074819
5005519,1018579
5005520,1191573
5005521,1188462
5005522,1030792
5005523,1112252
5005524,1082535
5005525,1019183
5005526,1011729
5005527,1165467
5005528,1070319
5005529,1090728
5005530,1030580
5005531,1135817
5005532,1190995
5005533,1025302
5005534,1133939
5005535,1152259
5005536,1119723
5005537,1009670
5005538,1036405
5005539,1081031
5005540,1074115
5005541,1193231
5005542,1191043
5005543,1073723
5005544,1042375
5005545,1147610
5005546,1095960
5005547,1184609
5005548,1184050
5005549,1121909
5005550,1036036
5005551,1148799
5005552,1193367
5005553,1100365
5005554,1043744
5005555,1054817
5005556,1077187
5005557,1199850
5005558,1046885
5005559,1192281
5005560,1125918
5005561,1159801
5005562,1017015
5005563,1032291
5005564,1054909
5005565,1000710
5005566,1154613
5005567,1048124
5005568,1042236
5005569,1120573
5005570,1135062
5005571,1044507
5005572,1185447
5005573,1138727
5005574,1133877
5005575,1139495
5005576,1071382
5005577,1200277
5005578,1001269
5005579,1033670
5005580,1020564
5005581,1057127
5005582,1107491
5005583,1106045
5005584,1129145
5005585,1092674
5005586,1102280
5005587,1153071
5005588,1171161
5005589,1110424
5005590,1113930
5005591,1053403
5005592,1178395
5005593,1105014
5005594,1145597
5005595,1186794
5005596,1077768
5005597,1006352
5005598,1010449
5005599,1160733
5005600,1091621
5005601,1126475
5005602,1146845
5005603,1074346
5005604,1081207
5005605,1045966
5005606,1173675
5005607,1172148
5005608,1137410
5005609,1012918
5005610,1080710
5005611,1082595
5005612,1183669
5005613,1013513
5005614,1122957
5005615,1021646
5005616,1109251
5005617,1142067
5005618,1164317
5005619,1004381
5005620,1047946
5005621,1186140
5005622,1126406
5005623,1181039
5005624,1166048
5005625,1190748
5005626,1193972
5005627,1137232
5005628,1130094
5005629,1018625
5005630,1165236
5005631,1111499
5005632,1143694
5005633,1198066
5005634,1020092
5005635,1193849
5005636,1055744
5005637,1121100
5005638,1035982
5005639,1012237
5005640,1005817
5005641,1140150
5005642,1176702
5005643,1079212
5005644,1050229
5005645,1053901
5005646,1144998
5005647,1056717
5005648,1111419
5005649,1100463
5005650,1092891
5005651,1057014
5005652,1063946
5005653,1067845
5005654,1106969
5005655,1048384
5005656,1193487
5005657,1024082
5005658,1076297
5005659,1134743
5005660,1130868
5005661,1155391
5005662,1112251
5005663,1010885
5005664,1109070
5005665,1000362
5005666,1061717
5005667,1089982
5005668,1166261
5005669,1123256
5005670,1141343
5005671,1015699
5005672,1147544
5005673,1075634
5005674,1076005
5005675,1138554
5005676,1004525
5005677,1079657
5005678,1198716
5005679,1110645
5005680,1014119
5005681,1130807
5005682,1200309
5005683,1063554
5005684,1017720
5005685,1044136
5005686,1004292
5005687,1098078
5005688,1153873
5005689,1186775
5005690,1191023
5005691,1126473
5005692,1187093
5005693,1031622
5005694,1015379
5005695,1179480
5005696,1065756
5005697,1197011
5005698,1132545
5005699,1119146
5005700,1063861
5005701,1160632
5005702,1054279
5005703,1063840
5005704,1091139
5005705,1102445
5005706,1047814
5005707,1082728
5005708,1165497
5005709,1072357
5005710,1098934
5005711,1101174
5005712,1020678
5005713,1147452
5005714,1180537
5005715,1200019
5005716,1143002
5005717,1113264
5005718,1096482
5005719,1016745
5005720,1035211
5005721,1013679
5005722,1032431
5005723,1067193
5005724,1189559
5005725,1152276
5005726,1173171
5005727,1159344
5005728,1177200
5005729,1064068
5005730,1081697
5005731,1014343
5005732,1028172
5005733,1109411
5005734,1175240
5005735,1175223
5005736,1152654
5005737,1189587
5005738,1060130
5005739,1119133
5005740,1103535
5005741,1061723
5005742,1019852
5005743,1195235
5005744,1168791
5005745,1189373
5005746,1040386
5005747,1079695
5005748,1009403
5005749,1048967
5005750,1140000
5005751,1145448
5005752,1020811
5005753,1149052
5005754,1080215
5005755,1089140
5005756,1029154
5005757,1119419
5005758,1039942
5005759,1165523
5005760,1057222
5005761,1129119
5005762,1023088
5005763,1084529
5005764,1159381
5005765,1195008
5005766,1127008
5005767,1082786
5005768,1146792
5005769,1146085
5005770,1032717
5005771,1179759
5005772,1199581
5005773,1196068
5005774,1033111
5005775,1151282
5005776,1101516
5005777,1165204
5005778,1020589
5005779,1097077
5005780,1178096
5005781,1181214
5005782,1108327
5005783,1002668
5005784,1039997
5005785,1164713
5005786,1047866
5005787,1003193
5005788,1002478
5005789,1021142
5005790,1028997
5005791,1111311
5005792,1028903
5005793,1166032
5005794,1136775
5005795,1170530
5005796,1169275
5005797,1135480
5005798,1151508
5005799,1039161
5005800,1151280
5005801,1127222
5005802,1117881
5005803,1071130
5005804,1067245
5005805,1041479
5005806,1185057
5005807,1117447
5005808,1097760
5005809,1163746
5005810,1118304
5005811,1122066
5005812,1107522
5005813,1029095
5005814,1030419
5005815,1054049
5005816,1123757
5005817,1022721
5005818,1124006
5005819,1007138
5005820,1141536
5005821,1080571
5005822,1057733
5005823,1064476
5005824,1017776
5005825,1188410
5005826,1067000
5005827,1195072
5005828,1059925
5005829,1096128
5005830,1153513
5005831,1180098
5005832,1154835
5005833,1143321
5005834,1164292
5005835,1101678
5005836,1069011
5005837,1165715
5005838,1003049
5005839,1107342
5005840,1075751
5005841,1093244
5005842,1069669
5005843,1051537
5005844,1046650
5005845,1169826
5005846,1120522
5005847,1095906
5005848,1040260
5005849,1030781
5005850,1143395
5005851,1006596
5005852,1176674
5005853,1105164
5005854,1083513
5005855,1107576
5005856,1014214
5005857,1117392
5005858,1167295
5005859,1100569
5005860,1079570
5005861,1039544
5005862,1197767
5005863,1127122
5005864,1168242
5005865,1039460
5005866,1077787
5005867,1077783
5005868,1003273
5005869,1036876
5005870,1138278
5005871,1034284
5005872,1026669
5005873,1157207
5005874,1110255
5005875,1124631
5005876,1164777
5005877,1023103
5005878,1114351
5005879,1200350
5005880,1150223
5005881,1007555
5005882,1200332
5005883,1070783
5005884,1039459
5005885,1047667
5005886,1113059
5005887,1124245
5005888,1010846
5005889,1038916
5005890,1035025
5005891,1098446
5005892,1108421
5005893,1123030
5005894,1157788
5005895,1001753
5005896,1070286
5005897,1032147
5005898,1168066
5005899,1192199
5005900,1086681
5005901,1200272
5005902,1003027
5005903,1016505
5005904,1132456
5005905,1059762
5005906,1180158
5005907,1076971
5005908,1037805
5005909,1058783
5005910,1104822
5005911,1091615
5005912,1123066
5005913,1166165
5005914,1003395
5005915,1117263
5005916,1192872
5005917,1145968
5005918,1182227
5005919,1198217
5005920,1107137
5005921,1148375
5005922,1081825
5005923,1117716
5005924,1136924
5005925,1083650
5005926,1014891
5005927,1182444
5005928,1103988
5005929,1103849
5005930,1171421
5005931,1078979
5005932,1106398
5005933,1174622
5005934,1180253
5005935,1046839
5005936,1090266
5005937,1062197
5005938,1102970
5005939,1055774
5005940,1015022
5005941,1126673
5005942,1181609
5005943,1073809
5005944,1075353
5005945,1199054
5005946,1064979
5005947,1126617
5005948,1080170
5005949,1169228
5005950,1016100
5005951,1129041
5005952,1081182
5005953,1064408
5005954,1188989
5005955,1161343
5005956,1160435
5005957,1098891
5005958,1111825
5005959,1148786
5005960,1110871
5005961,1160800
5005962,1083112
5005963,1163383
5005964,1065290
5005965,1017929
5005966,1007961
5005967,1130121
5005968,1039866
5005969,1157472
5005970,1024605
5005971,1198913
5005972,1113139
5005973,1009306
5005974,1168328
5005975,1186278
5005976,1190508
5005977,1080615
5005978,1020067
5005979,1181373
5005980,1035728
5005981,1066266
5005982,1070233
5005983,1165854
5005984,1136033
5005985,1054921
5005986,1000690
5005987,1060196
5005988,1175239
5005989,1006560
5005990,1041630
5005991,1138125
5005992,1016684
5005993,1047995
5005994,1059075
5005995,1169860
5005996,1199692
5005997,1032947
5005998,1134804
5005999,1182715
5006000,1197888
5006001,1081479
5006002,1024822
5006003,1142147
5006004,1178284
5006005,1104335
5006006,1159304
5006007,1108778
5006008,1138877
5006009,1080701
5006010,1003157
5006011,1037723
5006012,1096651
5006013,1104671
5006014,1023444
5006015,1052926
5006016,1108191
5006017,1024514
5006018,1127133
5006019,1145369
5006020,1187109
5006021,1009572
5006022,1117051
5006023,1077917
5006024,1057589
5006025,1135749
5006026,1119942
5006027,1126150
5006028,1082910
5006029,1114329
5006030,1064957
5006031,1007544
5006032,1112812
5006033,1078669
5006034,1172927
5006035,1008550
5006036,1018060
5006037,1113801
5006038,1158967
5006039,1111905
5006040,1186426
5006041,1066695
5006042,1147834
5006043,1131483
5006044,1065520
5006045,1008220
5006046,1024163
5006047,1159528
5006048,1110262
5006049,1001254
5006050,1038287
5006051,1183374
5006052,1051900
5006053,1131833
5006054,1013406
5006055,1047547
5006056,1113772
5006057,1040558
5006058,1103636
5006059,1115467
5006060,1098549
5006061,1063444
5006062,1190363
5006063,1060618
5006064,1046248
5006065,1137295
5006066,1128973
5006067,1155620
5006068,1126192
5006069,1029532
5006070,1073096
5006071,1127469
5006072,1158666
5006073,1153739
5006074,1063708
5006075,1162697
5006076,1025105
5006077,1106491
5006078,1035057
5006079,1006858
5006080,1074528
5006081,1049217
5006082,1072080
5006083,1027291
5006084,1174811
5006085,1033878
5006086,1037623
5006087,1097462
5006088,1137069
5006089,1106894
5006090,1009974
5006091,1116484
5006092,1054287
5006093,1176684
5006094,1035200
5006095,1023569
5006096,1012717
5006097,1110532
5006098,1020716
5006099,1025207
5006100,1139544
5006101,1047624
5006102,1059959
5006103,1069226
5006104,1193663
5006105,1091130
5006106,1150612
5006107,1013775
5006108,1037937
5006109,1147669
5006110,1120364
5006111,1023315
5006112,1084641
5006113,1083633
5006114,1162777
5006115,1081932
5006116,1106005
5006117,1121057
5006118,1119308
5006119,1051368
5006120,1152517
5006121,1172502
5006122,1103973
5006123,1112354
5006124,1015291
5006125,1052183
5006126,1057223
5006127,1029463
5006128,1164379
5006129,1015965
5006130,1157647
5006131,1047760
5006132,1133013
5006133,1195625
5006134,1123928
5006135,1151553
5006136,1136040
5006137,1083613
5006138,1157533
5006139,1047795
5006140,1051208
5006141,1038489
5006142,1173060
5006143,1190750
5006144,1173774
5006145,1155913
5006146,1047212
5006147,1033147
5006148,1138794
5006149,1019636
5006150,1186810
5006151,1123036
5006152,1155556
5006153,1155707
5006154,1023754
5006155,1183921
5006156,1118660
5006157,1147258
5006158,1132467
5006159,1099645
5006160,1121460
5006161,1169523
5006162,1024947
5006163,1143873
5006164,1086197
5006165,1070582
5006166,1036487
5006167,1026302
5006168,1088809
5006169,1173190
5006170,1195477
5006171,1155747
5006172,1038306
5006173,1184189
5006174,1030153
5006175,1047873
5006176,1155612
5006177,1094970
5006178,1143247
5006179,1098216
5006180,1032499
5006181,1147202
5006182,1017814
5006183,1014391
5006184,1167848
5006185,1105024
5006186,1128378
5006187,1002200
5006188,1111171
5006189,1192303
5006190,1009031
5006191,1006971
5006192,1036201
5006193,1167725
5006194,1084511
5006195,1105635
5006196,1171849
5006197,1195486
5006198,1178035
5006199,1100502
5006200,1056681
5006201,1021093
5006202,1102969
5006203,1034607
5006204,1143645
5006205,1066954
5006206,1134269
5006207,1064177
5006208,1106071
5006209,1086266
5006210,1167341
5006211,1172348
5006212,1128077
5006213,1136633
5006214,1101197
5006215,1024897
5006216,1174103
5006217,1013488
5006218,1014657
5006219,1051347
5006220,1024406
5006221,1151098
5006222,1064318
5006223,1031862
5006224,1041194
5006225,1139088
5006226,1175782
5006227,1112544
5006228,1170709
5006229,1125649
5006230,1185824
5006231,1031030
5006232,1031641
5006233,1144260
5006234,1078891
5006235,1018169
5006236,1049738
5006237,1027941
5006238,1144687
5006239,1037809
5006240,1176566
5006241,1056154
5006242,1121494
5006243,1172373
5006244,1052514
5006245,1131204
5006246,1051921
5006247,1039598
5006248,1178293
5006249,1165553
5006250,1052748
5006251,1055169
5006252,1127011
5006253,1050849
5006254,1160599
5006255,1065945
5006256,1056952
5006257,1040010
5006258,1170345
5006259,1130933
5006260,1198731
5006261,1092185
5006262,1141385
5006263,1010557
5006264,1134042
5006265,1153841
5006266,1134020
5006267,1056087
5006268,1101134
5006269,1107589
5006270,1179665
5006271,1028429
5006272,1091132
5006273,1163933
5006274,1125354
5006275,1068867
5006276,1107351
5006277,1197509
5006278,1081356
5006279,1174593
5006280,1168483
5006281,1152862
5006282,1064917
5006283,1179538
5006284,1153477
5006285,1033798
5006286,1146382
5006287,1167480
5006288,1069238
5006289,1065336
5006290,1197642
5006291,1110949
5006292,1055235
5006293,1049057
5006294,1131918
5006295,1103266
5006296,1046914
5006297,1142053
5006298,1093979
5006299,1109433
5006300,1105530
5006301,1050356
5006302,1139112
5006303,1178884
5006304,1083400
5006305,1070443
5006306,1032786
5006307,1089417
5006308,1105647
5006309,1000852
5006310,1075073
5006311,1141866
5006312,1135483
5006313,1069937
5006314,1058758
5006315,1193422
5006316,1059267
5006317,1093108
5006318,1073279
5006319,1152986
5006320,1150742
5006321,1144890
5006322,1167400
5006323,1020919
5006324,1014822
5006325,1169722
5006326,1139956
5006327,1001512
5006328,1198148
5006329,1014156
5006330,1157069
5006331,1068179
5006332,1130061
5006333,1193879
5006334,1135458
5006335,1146314
5006336,1062770
5006337,1076304
5006338,1124257
5006339,1153243
5006340,1152281
5006341,1169276
5006342,1054689
5006343,1149788
5006344,1123537
5006345,1163336
5006346,1049445
5006347,1048609
5006348,1155786
5006349,1109458
5006350,1113542
5006351,1126219
5006352,1158850
5006353,1120337
5006354,1083618
5006355,1018071
5006356,1076203
5006357,1189582
5006358,1123742
5006359,1199005
5006360,1063068
5006361,1052133
5006362,1146009
5006363,1048949
5006364,1105902
5006365,1160371
5006366,1024116
5006367,1053864
5006368,1115827
5006369,1065627
5006370,1153160
5006371,1046179
5006372,1160872
5006373,1060304
5006374,1026564
5006375,1038717
5006376,1152643
5006377,1197507
5006378,1140543
5006379,1119471
5006380,1150903
5006381,1189642
5006382,1192807
5006383,1134522
5006384,1000810
5006385,1195033
5006386,1165322
5006387,1112573
5006388,1015153
5006389,1192480
5006390,1044933
5006391,1027657
5006392,1013475
5006393,1025408
5006394,1173244
5006395,1104392
5006396,1008865
5006397,1119615
5006398,1050686
5006399,1100279
5006400,1160549
5006401,1173408
5006402,1184486
5006403,1042064
5006404,1192164
5006405,1134001
5006406,1137379
5006407,1053812
5006408,1123154
5006409,1172588
5006410,1171119
5006411,1191206
5006412,1071285
5006413,1127142
5006414,1184918
5006415,1068721
5006416,1057061
5006417,1032788
5006418,1105053
5006419,1193909
5006420,1031209
5006421,1160887
5006422,1194677
5006423,1117157
5006424,1106315
5006425,1140858
5006426,1031190
5006427,1138549
5006428,1182835
5006429,1181946
5006430,1130981
5006431,1125474
5006432,1000411
5006433,1015038
5006434,1037653
5006435,1018801
5006436,1040568
5006437,1107298
5006438,1130139
5006439,1132019
5006440,1182098
5006441,1077154
5006442,1132156
5006443,1082998
5006444,1080494
5006445,1107088
5006446,1179701
5006447,1080227
5006448,1124254
5006449,1099205
5006450,1175413
5006451,1025262
5006452,1153787
5006453,1153330
5006454,1083374
5006455,1099691
5006456,1095158
5006457,1187828
5006458,1097091
5006459,1199827
5006460,1113920
5006461,1183345
5006462,1191128
5006463,1050269
5006464,1064221
5006465,1103789
5006466,1111633
5006467,1135845
5006468,1152040
5006469,1110272
5006470,1173389
5006471,1038300
5006472,1058775
5006473,1006426
5006474,1030367
5006475,1194794
5006476,1086631
5006477,1153024
5006478,1157441
5006479,1008671
5006480,1018421
5006481,1107321
5006482,1043875
5006483,1166453
5006484,1130925
5006485,1189901
5006486,1015925
5006487,1140608
5006488,1164855
5006489,1193925
5006490,1034086
5006491,1048318
5006492,1173875
5006493,1165088
5006494,1048180
5006495,1067391
5006496,1122155
5006497,1127850
5006498,1086910
5006499,1145030
5006500,1154313
5006501,1096653
5006502,1044422
5006503,1034806
5006504,1057068
5006505,1124745
5006506,1115750
5006507,1059864
5006508,1067683
5006509,1002916
5006510,1150767
5006511,1113240
5006512,1106796
5006513,1128104
5006514,1048767
5006515,1057889
5006516,1097460
5006517,1160782
5006518,1025002
5006519,1125874
5006520,1058875
5006521,1079784
5006522,1014244
5006523,1098299
5006524,1184954
5006525,1040579
5006526,1139318
5006527,1089632
5006528,1109180
5006529,1021763
5006530,1018810
5006531,1061848
5006532,1131013
5006533,1012741
5006534,1073574
5006535,1180877
5006536,1012160
5006537,1190229
5006538,1156400
5006539,1044770
5006540,1187739
5006541,1153193
5006542,1005596
5006543,1019854
5006544,1075859
5006545,1193569
5006546,1179794
5006547,1043530
5006548,1115657
5006549,1046449
5006550,1073468
5006551,1045240
5006552,1144016
5006553,1025328
5006554,1138374
5006555,1018336
5006556,1161749
5006557,1160267
5006558,1180485
5006559,1171708
5006560,1124204
5006561,1121475
5006562,1109804
5006563,1079037
5006564,1103099
5006565,1047177
5006566,1094230
5006567,1167188
5006568,1115023
5006569,1128733
5006570,1082781
5006571,1051559
5006572,1010605
5006573,1108765
5006574,1038869
5006575,1175816
5006576,1038385
5006577,1151633
5006578,1105617
5006579,1157991
5006580,1083242
5006581,1156875
5006582,1027059
5006583,1065331
5006584,1063022
5006585,1026925
5006586,1160352
5006587,1128147
5006588,1089034
5006589,1058675
5006590,1088964
5006591,1174005
5006592,1120546
5006593,1074294
5006594,1056603
5006595,1024932
5006596,1059652
5006597,1035569
5006598,1116239
5006599,1194321
5006600,1092733
5006601,1166396
5006602,1083137
5006603,1151587
5006604,1133858
5006605,1008489
5006606,1079868
5006607,1118112
5006608,1090892
5006609,1045495
5006610,1131868
5006611,1025146
5006612,1139808
5006613,1088578
5006614,1107376
5006615,1176187
5006616,1124375
5006617,1172951
5006618,1029564
5006619,1041504
5006620,1052078
5006621,1103000
5006622,1040494
5006623,1001348
5006624,1183552
5006625,1053345
5006626,1091831
5006627,1074043
5006628,1185170
5006629,1140935
5006630,1013366
5006631,1178682
5006632,1061095
5006633,1006396
5006634,1051627
5006635,1038811
5006636,1089860
5006637,1069849
5006638,1017132
5006639,1046871
5006640,1186702
5006641,1116404
5006642,1191730
5006643,1161161
5006644,1016615
5006645,1094620
5006646,1093600
5006647,1128739
5006648,1085098
5006649,1108895
5006650,1137668
5006651,1107439
5006652,1028973
5006653,1123381
5006654,1170463
5006655,1100123
5006656,1100616
5006657,1140737
5006658,1197221
5006659,1002609
5006660,1031573
5006661,1089105
5006662,1142842
5006663,1193909
5006664,1132851
5006665,1177337
5006666,1101883
5006667,1014700
5006668,1085475
5006669,1183174
5006670,1141389
5006671,1010522
5006672,1066034
5006673,1134813
5006674,1160938
5006675,1156110
5006676,1099323
5006677,1166889
5006678,1015829
5006679,1164510
5006680,1064935
5006681,1022091
5006682,1156300
5006683,1102584
5006684,1014338
5006685,1141696
5006686,1018577
5006687,1101383
5006688,1113022
5006689,1180769
5006690,1000307
5006691,1093885
5006692,1122651
5006693,1082616
5006694,1165425
5006695,1050057
5006696,1093536
5006697,1007205
5006698,1030795
5006699,1183311
5006700,1010969
5006701,1143290
5006702,1160648
5006703,1008980
5006704,1116726
5006705,1173930
5006706,1012387
5006707,1072624
5006708,1029002
5006709,1152296
5006710,1003353
5006711,1016205
5006712,1056767
5006713,1018450
5006714,1005985
5006715,1110884
5006716,1010107
5006717,1086115
5006718,1027983
5006719,1144105
5006720,1167256
5006721,1031346
5006722,1066248
5006723,1188956
5006724,1056636
5006725,1077304
5006726,1000622
5006727,1102928
5006728,1033858
5006729,1188063
5006730,1041007
5006731,1169015
5006732,1071273
5006733,1030081
5006734,1051062
5006735,1090228
5006736,1078996
5006737,1093124
5006738,1109068
5006739,1133503
5006740,1010377
5006741,1160929
5006742,1006093
5006743,1108582
5006744,1165212
5006745,1005105
5006746,1018217
5006747,1068514
5006748,1161985
5006749,1007192
5006750,1176538
5006751,1142839
5006752,1135641
5006753,1079701
5006754,1045072
5006755,1184414
5006756,1065799
5006757,1117056
5006758,1200778
5006759,1012027
5006760,1063940
5006761,1155968
5006762,1028889
5006763,1071730
5006764,1106720
5006765,1026468
5006766,1163124
5006767,1172849
5006768,1076577
5006769,1067842
5006770,1101707
5006771,1000248
5006772,1077142
5006773,1131068
5006774,1129955
5006775,1027388
5006776,1009729
5006777,1136174
5006778,1023105
5006779,1122057
5006780,1071619
5006781,1051931
5006782,1169706
5006783,1040361
5006784,1199160
5006785,1200638
5006786,1160492
5006787,1005040
5006788,1017296
5006789,1084788
5006790,1131262
5006791,1008786
5006792,1031699
5006793,1024063
5006794,1101958
5006795,1024638
5006796,1154991
5006797,1125131
5006798,1051323
5006799,1147395
5006800,1040558
5006801,1124529
5006802,1176040
5006803,1171079
5006804,1114787
5006805,1152621
5006806,1035547
5006807,1061788
5006808,1075582
5006809,1120699
5006810,1100630
5006811,1018227
5006812,1189709
5006813,1110066
5006814,1166493
5006815,1073920
5006816,1025034
5006817,1020594
5006818,1098420
5006819,1118604
5006820,1102914
5006821,1078383
5006822,1080915
5006823,1164199
5006824,1159912
5006825,1081505
5006826,1039792
5006827,1134947
5006828,1012053
5006829,1102904
5006830,1125881
5006831,1004246
5006832,1155598
5006833,1169056
5006834,1019639
5006835,1002239
5006836,1033075
5006837,1145369
5006838,1047442
5006839,1127035
5006840,1046136
5006841,1100350
5006842,1195897
5006843,1133720
5006844,1011914
5006845,1033329
5006846,1177021
5006847,1110064
5006848,1156145
5006849,1174146
5006850,1015775
5006851,1157042
5006852,1013578
5006853,1131711
5006854,1175389
5006855,1185801
5006856,1059666
5006857,1123079
5006858,1096587
5006859,1142362
5006860,1172087
5006861,1050651
5006862,1096908
5006863,1098798
5006864,1004963
5006865,1187092
5006866,1118813
5006867,1108052
5006868,1096580
5006869,1039418
5006870,1142599
5006871,1196989
5006872,1042231
5006873,1115272
5006874,1029774
5006875,1108156
5006876,1029374
5006877,1054859
5006878,1194331
5006879,1025330
5006880,1020706
5006881,1109481
5006882,1189354
5006883,1094190
5006884,1021356
5006885,1180083
5006886,1030073
5006887,1070795
5006888,1067873
5006889,1028262
5006890,1072317
5006891,1120365
5006892,1018662
5006893,1151188
5006894,1020994
5006895,1017987
5006896,1053193
5006897,1034305
5006898,1056693
5006899,1104507
5006900,1034022
5006901,1146278
5006902,1036698
5006903,1115200
5006904,1159080
5006905,1154491
5006906,1004475
5006907,1066834
5006908,1123233
5006909,1024967
5006910,1132910
5006911,1001720
5006912,1180554
5006913,1083591
5006914,1103940
5006915,1111775
5006916,1086593
5006917,1112248
5006918,1073777
5006919,1112767
5006920,1018689
5006921,1063350
5006922,1174499
5006923,1183448
5006924,1118588
5006925,1071525
5006926,1168852
5006927,1153527
5006928,1103529
5006929,1142497
5006930,1157615
5006931,1132124
5006932,1120521
5006933,1170197
5006934,1057909
5006935,1126430
5006936,1173610
5006937,1136454
5006938,1106629
5006939,1047917
5006940,1080278
5006941,1084536
5006942,1200289
5006943,1110071
5006944,1080329
5006945,1194357
5006946,1092169
5006947,1071863
5006948,1039118
5006949,1134053
5006950,1132407
5006951,1120638
5006952,1066360
5006953,1060025
5006954,1131920
5006955,1064318
5006956,1001031
5006957,1148724
5006958,1028656
5006959,1025543
5006960,1087851
5006961,1031993
5006962,1177701
5006963,1177524
5006964,1035467
5006965,1054974
5006966,1007329
5006967,1106715
5006968,1161868
5006969,1146879
5006970,1139041
5006971,1090998
5006972,1032788
5006973,1105223
5006974,1185976
5006975,1175374
5006976,1146250
5006977,1172350
5006978,1165258
5006979,1054266
5006980,1193576
5006981,1005833
5006982,1052474
5006983,1196780
5006984,1066009
5006985,1139610
5006986,1104120
5006987,1153377
5006988,1042483
5006989,1098449
5006990,1045830
5006991,1130750
5006992,1112485
5006993,1144202
5006994,1153978
5006995,1175278
5006996,1008583
5006997,1045443
5006998,1008735
5006999,1121370
5007000,1066191
5007001,1198011
5007002,1178604
5007003,1148687
5007004,1130914
5007005,1147698
5007006,1016096
5007007,1139318
5007008,1106179
5007009,1022732
5007010,1189815
5007011,1154073
5007012,1169120
5007013,1195368
5007014,1048676
5007015,1170219
5007016,1041733
5007017,1175780
5007018,1125586
5007019,1077958
5007020,1015521
5007021,1059886
5007022,1043095
5007023,1012434
5007024,1039862
5007025,1099029
5007026,1133850
5007027,1121094
5007028,1023871
5007029,1182132
5007030,1092572
5007031,1120674
5007032,1055622
5007033,1132887
5007034,1064845
5007035,1101956
5007036,1084595
5007037,1013237
5007038,1035543
5007039,1064837
5007040,1193252
5007041,1123943
5007042,1166326
5007043,1157675
5007044,1133783
5007045,1191093
5007046,1181560
5007047,1004871
5007048,1112460
5007049,1064923
5007050,1097772
5007051,1049291
5007052,1127846
5007053,1141940
5007054,1194112
5007055,1021436
5007056,1098933
5007057,1078409
5007058,1149734
5007059,1198759
5007060,1106238
5007061,1078764
5007062,1126554
5007063,1187493
5007064,1061729
5007065,1094171
5007066,1069833
5007067,1200994
5007068,1037946
5007069,1114747
5007070,1104496
5007071,1138883
5007072,1005712
5007073,1008598
5007074,1121748
5007075,1100699
5007076,1095685
5007077,1193672
5007078,1133766
5007079,1068050
5007080,1053225
5007081,1193843
5007082,1171362
5007083,1051788
5007084,1012480
5007085,1189419
5007086,1119823
5007087,1160593
5007088,1113201
5007089,1134084
5007090,1029868
5007091,1156179
5007092,1042564
5007093,1168893
5007094,1122165
5007095,1029822
5007096,1020459
5007097,1199570
5007098,1112338
5007099,1183507
5007100,1007584
5007101,1195346
5007102,1170905
5007103,1035892
5007104,1062061
5007105,1098776
5007106,1106679
5007107,1054820
5007108,1111303
5007109,1102734
5007110,1129599
5007111,1017573
5007112,1089213
5007113,1087521
5007114,1081041
5007115,1058824
5007116,1105423
5007117,1036901
5007118,1018313
5007119,1151168
5007120,1062778
5007121,1083557
5007122,1060033
5007123,1172332
5007124,1195584
5007125,1166886
5007126,1061467
5007127,1029788
5007128,1139453
5007129,1057934
5007130,1023028
5007131,1166725
5007132,1152781
5007133,1108565
5007134,1052714
5007135,1108308
5007136,1178217
5007137,1029710
5007138,1003587
5007139,1181453
5007140,1182292
5007141,1022499
5007142,1189289
5007143,1106968
5007144,1081847
5007145,1027654
5007146,1171959
5007147,1149844
5007148,1143087
5007149,1036622
5007150,1088395
5007151,1078509
5007152,1118668
5007153,1173690
5007154,1180739
5007155,1133453
5007156,1057351
5007157,1135597
5007158,1089830
5007159,1182385
5007160,1100923
5007161,1005930
5007162,1012559
5007163,1050443
5007164,1110229
5007165,1180387
5007166,1200692
5007167,1002804
5007168,1034616
5007169,1152752
5007170,1138278
5007171,1157380
5007172,1184096
5007173,1200066
5007174,1164679
5007175,1115162
5007176,1126657
5007177,1081504
5007178,1035345
5007179,1188106
5007180,1112427
5007181,1052563
5007182,1066960
5007183,1007167
5007184,1025848
5007185,1138154
5007186,1191879
5007187,1159075
5007188,1136187
5007189,1068145
5007190,1102860
5007191,1082528
5007192,1161153
5007193,1163466
5007194,1165609
5007195,1199036
5007196,1030270
5007197,1091632
5007198,1199569
5007199,1010936
5007200,1002410
5007201,1149831
5007202,1003156
5007203,1199855
5007204,1032416
5007205,1077716
5007206,1186137
5007207,1084363
5007208,1044000
5007209,1195750
5007210,1142870
5007211,1014690
5007212,1100015
5007213,1063635
5007214,1044985
5007215,1125602
5007216,1096115
5007217,1133337
5007218,1153103
5007219,1084909
5007220,1002599
5007221,1090801
5007222,1084543
5007223,1161507
5007224,1162789
5007225,1113064
5007226,1013072
5007227,1007551
5007228,1073443
5007229,1156131
5007230,1111188
5007231,1006879
5007232,1056634
5007233,1152306
5007234,1141300
5007235,1120778
5007236,1032518
5007237,1100209
5007238,1180355
5007239,1001986
5007240,1069678
5007241,1187106
5007242,1139517
5007243,1097232
5007244,1180405
5007245,1021002
5007246,1138149
5007247,1170081
5007248,1007804
5007249,1047308
5007250,1192276
5007251,1140691
5007252,1171046
5007253,1077126
5007254,1130655
5007255,1102768
5007256,1003213
5007257,1144683
5007258,1025051
5007259,1121820
5007260,1102607
5007261,1034309
5007262,1022304
5007263,1066164
5007264,1120058
5007265,1038952
5007266,1180730
5007267,1031971
5007268,1133571
5007269,1029214
5007270,1088963
5007271,1104681
5007272,1105670
5007273,1122385
5007274,1114689
5007275,1152093
5007276,1020901
5007277,1010691
5007278,1018638
5007279,1081964
5007280,1089645
5007281,1026812
5007282,1105853
5007283,1004159
5007284,1005194
5007285,1165612
5007286,1170444
5007287,1033017
5007288,1108372
5007289,1034384
5007290,1029328
5007291,1023631
5007292,1191879
5007293,1079466
5007294,1169663
5007295,1035056
5007296,1081511
5007297,1006416
5007298,1158404
5007299,1043332
5007300,1083782
5007301,1023876
5007302,1149588
5007303,1160602
5007304,1035985
5007305,1118720
5007306,1143715
5007307,1200275
5007308,1013201
5007309,1030692
5007310,1173351
5007311,1145277
5007312,1043164
5007313,1079179
5007314,1065655
5007315,1142262
5007316,1149379
5007317,1078381
5007318,1179538
5007319,1109198
5007320,1197280
5007321,1000645
5007322,1076297
5007323,1200759
5007324,1090875
5007325,1074836
5007326,1187016
5007327,1065895
5007328,1173179
5007329,1069037
5007330,1011925
5007331,1189465
5007332,1063835
5007333,1166343
5007334,1003010
5007335,1066024
5007336,1101083
5007337,1005265
5007338,1171582
5007339,1142720
5007340,1017846
5007341,1023970
5007342,1048458
5007343,1014640
5007344,1094258
5007345,1141717
5007346,1157092
5007347,1024068
5007348,1033808
5007349,1059668
5007350,1105193
5007351,1153171
5007352,1173094
5007353,1085046
5007354,1140972
5007355,1122970
5007356,1156515
5007357,1153441
5007358,1160943
5007359,1006875
5007360,1041231
5007361,1031521
5007362,1082451
5007363,1098971
5007364,1077101
5007365,1006742
5007366,1023033
5007367,1190984
5007368,1172390
5007369,1100392
5007370,1022824
5007371,1022776
5007372,1122747
5007373,1091461
5007374,1067124
5007375,1198989
5007376,1170716
5007377,1116642
5007378,1163975
5007379,1035678
5007380,1032729
5007381,1148449
5007382,1141077
5007383,1106303
5007384,1110624
5007385,1009077
5007386,1059899
5007387,1173349
5007388,1186428
5007389,1012314
5007390,1075398
5007391,1087299
5007392,1022719
5007393,1014795
5007394,1067836
5007395,1144007
5007396,1155788
5007397,1003855
5007398,1055878
5007399,1014845
5007400,1094315
5007401,1114296
5007402,1036130
5007403,1105056
5007404,1168160
5007405,1037924
5007406,1199603
5007407,1062381
5007408,1184801
5007409,1161427
5007410,1192498
5007411,1060614
5007412,1147704
5007413,1007990
5007414,1082491
5007415,1062523
5007416,1067430
5007417,1130902
5007418,1047758
5007419,1041939
5007420,1103377
5007421,1029212
5007422,1156115
5007423,1173571
5007424,1177950
5007425,1077656
5007426,1076446
5007427,1061317
5007428,1123139
5007429,1181164
5007430,1093094
5007431,1138789
5007432,1174510
5007433,1034843
5007434,1023187
5007435,1047027
5007436,1026681
5007437,1002626
5007438,1033813
5007439,1097665
5007440,1175397
5007441,1043930
5007442,1193201
5007443,1056907
5007444,1146036
5007445,1006445
5007446,1003977
5007447,1006574
5007448,1198066
5007449,1023361
5007450,1144308
5007451,1000234
5007452,1112767
5007453,1011840
5007454,1083295
5007455,1021444
5007456,1022347
5007457,1108807
5007458,1097525
5007459,1143371
5007460,1019787
5007461,1168147
5007462,1073146
5007463,1057739
5007464,1113853
5007465,1061880
5007466,1009885
5007467,1191116
5007468,1158571
5007469,1008195
5007470,1090683
5007471,1021962
5007472,1034383
5007473,1170151
5007474,1194576
5007475,1067641
5007476,1169827
5007477,1088852
5007478,1068570
5007479,1117185
5007480,1062586
5007481,1123799
5007482,1185138
5007483,1018759
5007484,1146088
5007485,1183305
5007486,1030869
5007487,1124670
5007488,1057984
5007489,1156232
5007490,1099890
5007491,1037590
5007492,1156800
5007493,1132991
5007494,1036425
5007495,1150418
5007496,1104124
5007497,1106114
5007498,1071348
5007499,1200554
5007500,1197297
5007501,1063761
5007502,1162353
5007503,1009833
5007504,1191170
5007505,1186475
5007506,1159949
5007507,1054734
5007508,1104186
5007509,1067599
5007510,1118206
5007511,1092833
5007512,1038608
5007513,1016681
5007514,1189015
5007515,1066476
5007516,1057543
5007517,1044795
5007518,1023192
5007519,1038689
5007520,1135530
5007521,1073130
5007522,1043872
5007523,1085349
5007524,1047494
5007525,1135961
5007526,1132407
5007527,1093548
5007528,1019071
5007529,1026936
5007530,1105732
5007531,1124674
5007532,1117083
5007533,1069283
5007534,1172881
5007535,1079556
5007536,1065892
5007537,1038055
5007538,1062399
5007539,1160988
5007540,1177341
5007541,1052312
5007542,1120417
5007543,1051467
5007544,1140106
5007545,1050922
5007546,1194326
5007547,1155331
5007548,1191744
5007549,1052131
5007550,1131367
5007551,1126984
5007552,1093848
5007553,1101552
5007554,1043962
5007555,1006240
5007556,1089299
5007557,1154149
5007558,1056063
5007559,1192368
5007560,1020124
5007561,1189604
5007562,1164534
5007563,1099356
5007564,1173475
5007565,1059518
5007566,1131577
5007567,1097418
5007568,1102178
5007569,1109698
5007570,1099447
5007571,1180862
5007572,1118524
5007573,1135312
5007574,1013748
5007575,1052485
5007576,1093500
5007577,1186772
5007578,1045155
5007579,1147006
5007580,1087627
5007581,1141122
5007582,1028971
5007583,1072205
5007584,1145972
5007585,1175873
5007586,1022433
5007587,1031089
5007588,1168357
5007589,1091112
5007590,1099832
5007591,1023193
5007592,1081747
5007593,1114911
5007594,1072986
5007595,1132161
5007596,1152112
5007597,1109303
5007598,1056654
5007599,1095755
5007600,1078079
5007601,1174193
5007602,1166502
5007603,1182597
5007604,1199880
5007605,1005483
5007606,1132303
5007607,1017117
5007608,1100597
5007609,1158210
5007610,1035491
5007611,1188375
5007612,1074495
5007613,1088588
5007614,1087589
5007615,1074229
