5000001,1133938
5000002,1131278
5000003,1153459
5000004,1159099
5000005,1020687
5000006,1187459
5000007,1048773
5000008,1064002
5000009,1096744
5000010,1107526
5000011,1040383
5000012,1176193
5000013,1177635
5000014,1072281
5000015,1065599
5000016,1023273
5000017,1166770
5000018,1068720
5000019,1151186
5000020,1196823
5000021,1050116
5000022,1141245
5000023,1113902
5000024,1009313
5000025,1140894
5000026,1178685
5000027,1029686
5000028,1093509
5000029,1071230
5000030,1044320
5000031,1019785
5000032,1187037
5000033,1131836
5000034,1152638
5000035,1148971
5000036,1110155
5000037,1080398
5000038,1191886
5000039,1042765
5000040,1032008
5000041,1127277
5000042,1188454
5000043,1176677
5000044,1087614
5000045,1019676
5000046,1186063
5000047,1176650
5000048,1064279
5000049,1197413
5000050,1171437
5000051,1068985
5000052,1138384
5000053,1030307
5000054,1005477
5000055,1040476
5000056,1139494
5000057,1121662
5000058,1032769
5000059,1060173
5000060,1190979
5000061,1096192
5000062,1118545
5000063,1190679
5000064,1084663
5000065,1198330
5000066,1180501
5000067,1061599
5000068,1157698
5000069,1088073
5000070,1178891
5000071,1024753
5000072,1063471
5000073,1087004
5000074,1103199
5000075,1129774
5000076,1038534
5000077,1052650
5000078,1060746
5000079,1017961
5000080,1085588
5000081,1135318
5000082,1195580
5000083,1189839
5000084,1075733
5000085,1060737
5000086,1047801
5000087,1077327
5000088,1126210
5000089,1102704
5000090,1189297
5000091,1107361
5000092,1128462
5000093,1139100
5000094,1184531
5000095,1087468
5000096,1036233
5000097,1081686
5000098,1162453
5000099,1007621
5000100,1181081
5000101,1097650
5000102,1139531
5000103,1050777
5000104,1111156
5000105,1171196
5000106,1122068
5000107,1193467
5000108,1111859
5000109,1047255
5000110,1031829
5000111,1077871
5000112,1165287
5000113,1142457
5000114,1146664
5000115,1038803
5000116,1100770
5000117,1060005
5000118,1080816
5000119,1030589
5000120,1103516
5000121,1126972
5000122,1126930
5000123,1191788
5000124,1053466
5000125,1065930
5000126,1144294
5000127,1091103
5000128,1153661
5000129,1122427
5000130,1189320
5000131,1201126
5000132,1075609
5000133,1009265
5000134,1126526
5000135,1099189
5000136,1191203
5000137,1004847
5000138,1034497
5000139,1146234
5000140,1000314
5000141,1178826
5000142,1112105
5000143,1052297
5000144,1031335
5000145,1046621
5000146,1168858
5000147,1056492
5000148,1018513
5000149,1098170
5000150,1039490
5000151,1101182
5000152,1186753
5000153,1092649
5000154,1008904
5000155,1160879
5000156,1020136
5000157,1052070
5000158,1003387
5000159,1011029
5000160,1168233
5000161,1036015
5000162,1134396
5000163,1121235
5000164,1081966
5000165,1050539
5000166,1195341
5000167,1064681
5000168,1115241
5000169,1138924
5000170,1173956
5000171,1049900
5000172,1111829
5000173,1116368
5000174,1118552
5000175,1158333
5000176,1035655
5000177,1117808
5000178,1046666
5000179,1084312
5000180,1025759
5000181,1041170
5000182,1168030
5000183,1175889
5000184,1043782
5000185,1039959
5000186,1198802
5000187,1136888
5000188,1041492
5000189,1151882
5000190,1047872
5000191,1124586
5000192,1084346
5000193,1092548
5000194,1091546
5000195,1116478
5000196,1199816
5000197,1030592
5000198,1167538
5000199,1034684
5000200,1120920
5000201,1004944
5000202,1150311
5000203,1144951
5000204,1018224
5000205,1101221
5000206,1163977
5000207,1119555
5000208,1051744
5000209,1081144
5000210,1183230
5000211,1009888
5000212,1141938
5000213,1080640
5000214,1076979
5000215,1022808
5000216,1083736
5000217,1182437
5000218,1133299
5000219,1008080
5000220,1148633
5000221,1032678
5000222,1186729
5000223,1118217
5000224,1175622
5000225,1175924
5000226,1161982
5000227,1017220
5000228,1099266
5000229,1005427
5000230,1165488
5000231,1187083
5000232,1021083
5000233,1065541
5000234,1017441
5000235,1090131
5000236,1185117
5000237,1185672
5000238,1032458
5000239,1009659
5000240,1182708
5000241,1098956
5000242,1110875
5000243,1189631
5000244,1022627
5000245,1111545
5000246,1088083
5000247,1100897
5000248,1127431
5000249,1009798
5000250,1182306
5000251,1200179
5000252,1128123
5000253,1098911
5000254,1149493
5000255,1198923
5000256,1189507
5000257,1002515
5000258,1042458
5000259,1124250
5000260,1181124
5000261,1157122
5000262,1121733
5000263,1115449
5000264,1174646
5000265,1033375
5000266,1055454
5000267,1085801
5000268,1034932
5000269,1083395
5000270,1176496
5000271,1168044
5000272,1060919
5000273,1133664
5000274,1155391
5000275,1035348
5000276,1198988
5000277,1151861
5000278,1189987
5000279,1142376
5000280,1043068
5000281,1129700
5000282,1050808
5000283,1028839
5000284,1170869
5000285,1112436
5000286,1060236
5000287,1099170
5000288,1044732
5000289,1153759
5000290,1057516
5000291,1049382
5000292,1046162
5000293,1069725
5000294,1050713
5000295,1197302
5000296,1140549
5000297,1100901
5000298,1035922
5000299,1120195
5000300,1112432
5000301,1169902
5000302,1153694
5000303,1143853
5000304,1002894
5000305,1087201
5000306,1170958
5000307,1145363
5000308,1071970
5000309,1043698
5000310,1038989
5000311,1060556
5000312,1092107
5000313,1052853
5000314,1152156
5000315,1122435
5000316,1012199
5000317,1066037
5000318,1069290
5000319,1011945
5000320,1038580
5000321,1045984
5000322,1004358
5000323,1016166
5000324,1032069
5000325,1098956
5000326,1001928
5000327,1188485
5000328,1088768
5000329,1102797
5000330,1124985
5000331,1177513
5000332,1081076
5000333,1058249
5000334,1022487
5000335,1160729
5000336,1127667
5000337,1085816
5000338,1128933
5000339,1034692
5000340,1112256
5000341,1131629
5000342,1103597
5000343,1012592
5000344,1107526
5000345,1160367
5000346,1155736
5000347,1194668
5000348,1010282
5000349,1189447
5000350,1119544
5000351,1120211
5000352,1167606
5000353,1090258
5000354,1097682
5000355,1054047
5000356,1045775
5000357,1163876
5000358,1190016
5000359,1111666
5000360,1103379
5000361,1145009
5000362,1092366
5000363,1067624
5000364,1095709
5000365,1133171
5000366,1140273
5000367,1169975
5000368,1119421
5000369,1005172
5000370,1125701
5000371,1175360
5000372,1129231
5000373,1182175
5000374,1085591
5000375,1116941
5000376,1029942
5000377,1143070
5000378,1069641
5000379,1081029
5000380,1037761
5000381,1163527
5000382,1198621
5000383,1140132
5000384,1148507
5000385,1034980
5000386,1037020
5000387,1091686
5000388,1134354
5000389,1101563
5000390,1026487
5000391,1147490
5000392,1041223
5000393,1180323
5000394,1024346
5000395,1105332
5000396,1103009
5000397,1119580
5000398,1110152
5000399,1064073
5000400,1126573
5000401,1192859
5000402,1022756
5000403,1017908
5000404,1031588
5000405,1067790
5000406,1081701
5000407,1157757
5000408,1043724
5000409,1196696
5000410,1169587
5000411,1080061
5000412,1121583
5000413,1094193
5000414,1149418
5000415,1192601
5000416,1122958
5000417,1137857
5000418,1017331
5000419,1146569
5000420,1014605
5000421,1126240
5000422,1077112
5000423,1074701
5000424,1099512
5000425,1021488
5000426,1152347
5000427,1077449
5000428,1089195
5000429,1022539
5000430,1135522
5000431,1151056
5000432,1134811
5000433,1018425
5000434,1104419
5000435,1107760
5000436,1022559
5000437,1179134
5000438,1191219
5000439,1171300
5000440,1066815
5000441,1022620
5000442,1035758
5000443,1123929
5000444,1175677
5000445,1190428
5000446,1025237
5000447,1078426
5000448,1181533
5000449,1095570
5000450,1111638
5000451,1117550
5000452,1189345
5000453,1164051
5000454,1002845
5000455,1130747
5000456,1125951
5000457,1124624
5000458,1172603
5000459,1005985
5000460,1176068
5000461,1128099
5000462,1051569
5000463,1017842
5000464,1124458
5000465,1199613
5000466,1056155
5000467,1145507
5000468,1086733
5000469,1061489
5000470,1091504
5000471,1118534
5000472,1104196
5000473,1169854
5000474,1194110
5000475,1107994
5000476,1132534
5000477,1046945
5000478,1081678
5000479,1097068
5000480,1023160
5000481,1101721
5000482,1127730
5000483,1106785
5000484,1103687
5000485,1180945
5000486,1044229
5000487,1155862
5000488,1083947
5000489,1035634
5000490,1079060
5000491,1011627
5000492,1056894
5000493,1148352
5000494,1144290
5000495,1075130
5000496,1108403
5000497,1143237
5000498,1173347
5000499,1125434
5000500,1117907
5000501,1007111
5000502,1085863
5000503,1093480
5000504,1152974
5000505,1170192
5000506,1042885
5000507,1044912
5000508,1164213
5000509,1056088
5000510,1092649
5000511,1084287
5000512,1055470
5000513,1084623
5000514,1046102
5000515,1145680
5000516,1105677
5000517,1197288
5000518,1097286
5000519,1156486
5000520,1061543
5000521,1028943
5000522,1075757
5000523,1149733
5000524,1078479
5000525,1049894
5000526,1054998
5000527,1064677
5000528,1162395
5000529,1057710
5000530,1105954
5000531,1045856
5000532,1161204
5000533,1066023
5000534,1099438
5000535,1026467
5000536,1165058
5000537,1033057
5000538,1007626
5000539,1182018
5000540,1097166
5000541,1005113
5000542,1130977
5000543,1185540
5000544,1010876
5000545,1051231
5000546,1131771
5000547,1050926
5000548,1046009
5000549,1080216
5000550,1114446
5000551,1171395
5000552,1079348
5000553,1199335
5000554,1020454
5000555,1147690
5000556,1074732
5000557,1027419
5000558,1089826
5000559,1071570
5000560,1114034
5000561,1112490
5000562,1012492
5000563,1072183
5000564,1066132
5000565,1196097
5000566,1148524
5000567,1066616
5000568,1174312
5000569,1138722
5000570,1167793
5000571,1130242
5000572,1131749
5000573,1002844
5000574,1058030
5000575,1050810
5000576,1011231
5000577,1025361
5000578,1013385
5000579,1084479
5000580,1070254
5000581,1028906
5000582,1116356
5000583,1130772
5000584,1197505
5000585,1134803
5000586,1133095
5000587,1141543
5000588,1029805
5000589,1138903
5000590,1195571
5000591,1090609
5000592,1042722
5000593,1122750
5000594,1046690
5000595,1145550
5000596,1066305
5000597,1145303
5000598,1105859
5000599,1101912
5000600,1046830
5000601,1058281
5000602,1045720
5000603,1155799
5000604,1086108
5000605,1074610
5000606,1087160
5000607,1033300
5000608,1061846
5000609,1099077
5000610,1155293
5000611,1144244
5000612,1023876
5000613,1076166
5000614,1195893
5000615,1194445
5000616,1133083
5000617,1151241
5000618,1180817
5000619,1134496
5000620,1086942
5000621,1062447
5000622,1156960
5000623,1183564
5000624,1138235
5000625,1074117
5000626,1111596
5000627,1162571
5000628,1136741
5000629,1050759
5000630,1103241
5000631,1130167
5000632,1045687
5000633,1111293
5000634,1128802
5000635,1018583
5000636,1045821
5000637,1074788
5000638,1024799
5000639,1077686
5000640,1054516
5000641,1178202
5000642,1092141
5000643,1009640
5000644,1041351
5000645,1011394
5000646,1054308
5000647,1008961
5000648,1137684
5000649,1194493
5000650,1101235
5000651,1111680
5000652,1181423
5000653,1179981
5000654,1123696
5000655,1138158
5000656,1104230
5000657,1016050
5000658,1175912
5000659,1192142
5000660,1094353
5000661,1102311
5000662,1175069
5000663,1196639
5000664,1164098
5000665,1104857
5000666,1027042
5000667,1075393
5000668,1171278
5000669,1070080
5000670,1032682
5000671,1104543
5000672,1038823
5000673,1005549
5000674,1125036
5000675,1077993
5000676,1155672
5000677,1055044
5000678,1102163
5000679,1022292
5000680,1179679
5000681,1180813
5000682,1111932
5000683,1051120
5000684,1153127
5000685,1049284
5000686,1147674
5000687,1128312
5000688,1179714
5000689,1011106
5000690,1096607
5000691,1197743
5000692,1051052
5000693,1066051
5000694,1077536
5000695,1094327
5000696,1148445
5000697,1173965
5000698,1188502
5000699,1066171
5000700,1121885
5000701,1154907
5000702,1145841
5000703,1087162
5000704,1149500
5000705,1084720
5000706,1029588
5000707,1041323
5000708,1039290
5000709,1012835
5000710,1163469
5000711,1059885
5000712,1191468
5000713,1109062
5000714,1015739
5000715,1200564
5000716,1015033
5000717,1146969
5000718,1095660
5000719,1089262
5000720,1128872
5000721,1192503
5000722,1184840
5000723,1017082
5000724,1097202
5000725,1143426
5000726,1126666
5000727,1061167
5000728,1047986
5000729,1174150
5000730,1088426
5000731,1098407
5000732,1022799
5000733,1091774
5000734,1013423
5000735,1076763
5000736,1093679
5000737,1097342
5000738,1124220
5000739,1042371
5000740,1095217
5000741,1198968
5000742,1152173
5000743,1196965
5000744,1191911
5000745,1201107
5000746,1176558
5000747,1025506
5000748,1102967
5000749,1141083
5000750,1176341
5000751,1037659
5000752,1004287
5000753,1014039
5000754,1104365
5000755,1118915
5000756,1162470
5000757,1006111
5000758,1195488
5000759,1095533
5000760,1035078
5000761,1195175
5000762,1110149
5000763,1168910
5000764,1148734
5000765,1142784
5000766,1131298
5000767,1024372
5000768,1137317
5000769,1073669
5000770,1076140
5000771,1078433
5000772,1048327
5000773,1000681
5000774,1047768
5000775,1102848
5000776,1001952
5000777,1176670
5000778,1115268
5000779,1028219
5000780,1089262
5000781,1000364
5000782,1200245
5000783,1166706
5000784,1008909
5000785,1126350
5000786,1142022
5000787,1145044
5000788,1172325
5000789,1195089
5000790,1036273
5000791,1199300
5000792,1190647
5000793,1077766
5000794,1073240
5000795,1167943
5000796,1054716
5000797,1111111
5000798,1114256
5000799,1016655
5000800,1003428
5000801,1026165
5000802,1190798
5000803,1179801
5000804,1199699
5000805,1175052
5000806,1115751
5000807,1084908
5000808,1077002
5000809,1077395
5000810,1170618
5000811,1006562
5000812,1009192
5000813,1071693
5000814,1073134
5000815,1090657
5000816,1029167
5000817,1031858
5000818,1059105
5000819,1187468
5000820,1105960
5000821,1149610
5000822,1177226
5000823,1079750
5000824,1144872
5000825,1010132
5000826,1166791
5000827,1067804
5000828,1066277
5000829,1124233
5000830,1170747
5000831,1033108
5000832,1025090
5000833,1139363
5000834,1023290
5000835,1034643
5000836,1158147
5000837,1107410
5000838,1052678
5000839,1112616
5000840,1130655
5000841,1123631
5000842,1067158
5000843,1045018
5000844,1188490
5000845,1017375
5000846,1193953
5000847,1191082
5000848,1162832
5000849,1093884
5000850,1067561
5000851,1051072
5000852,1020209
5000853,1011658
5000854,1102046
5000855,1196680
5000856,1091273
5000857,1123710
5000858,1140794
5000859,1195294
5000860,1006135
5000861,1030705
5000862,1010160
5000863,1120828
5000864,1019424
5000865,1026838
5000866,1062191
5000867,1183378
5000868,1032916
5000869,1008969
5000870,1194689
5000871,1150256
5000872,1100006
5000873,1103926
5000874,1120721
5000875,1140438
5000876,1144952
5000877,1164276
5000878,1072836
5000879,1099449
5000880,1124832
5000881,1121524
5000882,1184777
5000883,1040344
5000884,1184019
5000885,1063186
5000886,1047270
5000887,1044670
5000888,1048562
5000889,1158906
5000890,1092798
5000891,1073378
5000892,1074954
5000893,1132577
5000894,1144191
5000895,1087295
5000896,1002774
5000897,1159533
5000898,1174581
5000899,1053682
5000900,1131005
5000901,1089724
5000902,1055601
5000903,1075540
5000904,1090817
5000905,1009794
5000906,1166315
5000907,1153647
5000908,1013697
5000909,1080172
5000910,1070685
5000911,1076984
5000912,1047726
5000913,1090293
5000914,1124837
5000915,1133504
5000916,1092741
5000917,1117410
5000918,1064806
5000919,1190560
5000920,1083569
5000921,1137172
5000922,1128486
5000923,1169315
5000924,1174472
5000925,1130187
5000926,1030041
5000927,1021001
5000928,1045423
5000929,1134979
5000930,1073819
5000931,1171208
5000932,1067681
5000933,1036772
5000934,1107239
5000935,1103410
5000936,1053009
5000937,1016163
5000938,1119471
5000939,1197676
5000940,1162339
5000941,1179606
5000942,1143760
5000943,1144356
5000944,1162535
5000945,1071563
5000946,1162558
5000947,1080526
5000948,1078102
5000949,1168084
5000950,1087733
5000951,1138952
5000952,1193796
5000953,1113105
5000954,1188384
5000955,1194778
5000956,1181213
5000957,1007525
5000958,1002253
5000959,1124544
5000960,1151713
5000961,1140366
5000962,1178256
5000963,1004586
5000964,1029358
5000965,1105263
5000966,1102845
5000967,1189127
5000968,1055347
5000969,1077412
5000970,1071519
5000971,1158193
5000972,1087917
5000973,1156298
5000974,1111029
5000975,1087674
5000976,1053349
5000977,1074731
5000978,1119379
5000979,1099768
5000980,1171084
5000981,1181326
5000982,1090606
5000983,1165767
5000984,1166170
5000985,1114947
5000986,1177243
5000987,1113765
5000988,1071465
5000989,1143180
5000990,1057202
5000991,1157510
5000992,1080359
5000993,1049517
5000994,1099104
5000995,1196985
5000996,1030456
5000997,1092891
5000998,1031244
5000999,1134059
5001000,1069100
5001001,1083762
5001002,1200795
5001003,1042502
5001004,1135053
5001005,1024458
5001006,1146152
5001007,1039283
5001008,1020802
5001009,1097656
5001010,1147646
5001011,1087310
5001012,1139335
5001013,1142867
5001014,1032891
5001015,1176234
5001016,1069769
5001017,1176204
5001018,1050441
5001019,1119987
5001020,1190533
5001021,1124199
5001022,1003833
5001023,1033320
5001024,1003011
5001025,1109558
5001026,1093503
5001027,1019003
5001028,1099890
5001029,1131169
5001030,1048017
5001031,1095644
5001032,1183605
5001033,1046647
5001034,1023542
5001035,1065981
5001036,1099804
5001037,1025859
5001038,1170039
5001039,1121933
5001040,1009495
5001041,1094627
5001042,1020783
5001043,1026640
5001044,1008858
5001045,1055295
5001046,1100251
5001047,1115593
5001048,1125853
5001049,1148598
5001050,1196914
5001051,1095463
5001052,1161241
5001053,1014519
5001054,1093319
5001055,1184952
5001056,1096341
5001057,1065734
5001058,1165251
5001059,1015277
5001060,1106276
5001061,1163724
5001062,1195242
5001063,1169181
5001064,1092137
5001065,1021325
5001066,1073571
5001067,1160480
5001068,1031480
5001069,1104253
5001070,1067849
5001071,1061759
5001072,1029786
5001073,1162493
5001074,1027110
5001075,1110326
5001076,1149839
5001077,1187576
5001078,1132729
5001079,1025468
5001080,1041782
5001081,1012822
5001082,1180722
5001083,1057483
5001084,1157056
5001085,1141904
5001086,1198304
5001087,1093978
5001088,1160898
5001089,1066959
5001090,1120423
5001091,1079605
5001092,1084736
5001093,1036075
5001094,1099770
5001095,1185327
5001096,1026651
5001097,1072279
5001098,1101801
5001099,1027063
5001100,1133320
5001101,1068356
5001102,1029861
5001103,1077405
5001104,1166569
5001105,1026188
5001106,1165425
5001107,1063518
5001108,1026020
5001109,1065926
5001110,1145171
5001111,1043658
5001112,1086122
5001113,1177368
5001114,1184654
5001115,1084391
5001116,1009710
5001117,1086679
5001118,1068078
5001119,1021673
5001120,1184923
5001121,1029320
5001122,1087101
5001123,1100230
5001124,1197182
5001125,1082831
5001126,1110202
5001127,1192502
5001128,1186550
5001129,1172413
5001130,1109040
5001131,1016149
5001132,1056872
5001133,1123405
5001134,1087799
5001135,1128348
5001136,1063676
5001137,1160490
5001138,1140617
5001139,1184794
5001140,1144385
5001141,1132176
5001142,1044996
5001143,1041910
5001144,1040913
5001145,1046341
5001146,1013018
5001147,1015600
5001148,1073320
5001149,1036669
5001150,1157549
5001151,1057294
5001152,1145748
5001153,1167433
5001154,1171733
5001155,1060905
5001156,1010279
5001157,1108875
5001158,1158787
5001159,1131672
5001160,1166167
5001161,1141551
5001162,1118135
5001163,1135002
5001164,1106812
5001165,1079394
5001166,1196584
5001167,1041492
5001168,1011791
5001169,1192603
5001170,1079644
5001171,1178914
5001172,1040616
5001173,1138470
5001174,1033359
5001175,1020843
5001176,1108858
5001177,1008481
5001178,1193238
5001179,1056312
5001180,1125089
5001181,1134182
5001182,1097372
5001183,1187073
5001184,1131670
5001185,1171641
5001186,1181077
5001187,1099488
5001188,1008813
5001189,1081923
5001190,1074660
5001191,1014705
5001192,1116617
5001193,1129607
5001194,1156981
5001195,1088451
5001196,1025262
5001197,1140882
5001198,1103152
5001199,1008472
5001200,1097599
5001201,1152884
5001202,1028024
5001203,1111462
5001204,1072259
5001205,1199182
5001206,1200835
5001207,1139769
5001208,1077142
5001209,1084957
5001210,1024763
5001211,1134236
5001212,1023019
5001213,1162460
5001214,1165958
5001215,1087073
5001216,1117692
5001217,1174079
5001218,1096687
5001219,1018615
5001220,1009508
5001221,1021238
5001222,1045600
5001223,1087710
5001224,1097275
5001225,1124078
5001226,1186437
5001227,1064708
5001228,1128988
5001229,1050084
5001230,1100737
5001231,1185683
5001232,1018442
5001233,1058363
5001234,1150066
5001235,1160256
5001236,1089687
5001237,1163653
5001238,1025449
5001239,1019717
5001240,1138359
5001241,1177921
5001242,1051009
5001243,1058794
5001244,1025503
5001245,1153289
5001246,1056750
5001247,1150401
5001248,1156523
5001249,1114285
5001250,1098392
5001251,1192633
5001252,1159894
5001253,1171789
5001254,1040946
5001255,1020099
5001256,1001889
5001257,1186828
5001258,1067130
5001259,1161058
5001260,1127511
5001261,1139029
5001262,1135648
5001263,1071971
5001264,1086018
5001265,1130375
5001266,1055874
5001267,1131348
5001268,1136148
5001269,1022370
5001270,1127504
5001271,1039178
5001272,1186894
5001273,1034782
5001274,1063888
5001275,1131379
5001276,1123324
5001277,1025415
5001278,1069120
5001279,1027853
5001280,1085217
5001281,1004492
5001282,1190675
5001283,1138827
5001284,1120413
5001285,1044011
5001286,1189717
5001287,1171024
5001288,1109061
5001289,1111108
5001290,1101915
5001291,1187843
5001292,1025982
5001293,1103229
5001294,1093795
5001295,1052121
5001296,1029038
5001297,1101783
5001298,1142080
5001299,1148868
5001300,1038650
5001301,1153555
5001302,1028582
5001303,1010288
5001304,1040327
5001305,1091505
5001306,1010900
5001307,1183297
5001308,1045499
5001309,1123135
5001310,1141726
5001311,1053468
5001312,1196996
5001313,1152753
5001314,1059673
5001315,1179794
5001316,1166074
5001317,1022480
5001318,1119449
5001319,1134859
5001320,1053100
5001321,1044762
5001322,1072854
5001323,1130410
5001324,1112497
5001325,1165555
5001326,1000788
5001327,1108333
5001328,1136500
5001329,1052018
5001330,1113391
5001331,1181839
5001332,1181049
5001333,1058472
5001334,1039853
5001335,1097036
5001336,1043461
5001337,1174559
5001338,1155576
5001339,1026519
5001340,1168987
5001341,1016157
5001342,1061658
5001343,1119626
5001344,1136274
5001345,1016064
5001346,1044814
5001347,1009085
5001348,1124967
5001349,1161137
5001350,1053990
5001351,1118929
5001352,1168656
5001353,1048343
5001354,1076665
5001355,1076229
5001356,1172193
5001357,1187298
5001358,1133140
5001359,1117322
5001360,1018770
5001361,1109911
5001362,1153432
5001363,1139633
5001364,1019438
5001365,1118819
5001366,1118596
5001367,1029358
5001368,1083064
5001369,1023259
5001370,1029890
5001371,1064156
5001372,1041704
5001373,1092098
5001374,1092673
5001375,1111265
5001376,1149070
5001377,1138568
5001378,1169649
5001379,1195393
5001380,1182318
5001381,1103836
5001382,1112302
5001383,1125860
5001384,1051791
5001385,1180462
5001386,1136160
5001387,1075804
5001388,1180114
5001389,1042889
5001390,1151916
5001391,1056950
5001392,1050710
5001393,1185167
5001394,1122674
5001395,1022880
5001396,1142156
5001397,1198347
5001398,1085829
5001399,1187828
5001400,1191636
5001401,1182461
5001402,1056109
5001403,1017719
5001404,1088528
5001405,1050767
5001406,1152493
5001407,1141915
5001408,1024955
5001409,1107721
5001410,1153050
5001411,1085877
5001412,1059016
5001413,1133126
5001414,1200878
5001415,1051851
5001416,1021163
5001417,1101912
5001418,1046534
5001419,1030859
5001420,1056312
5001421,1021154
5001422,1024644
5001423,1050797
5001424,1090065
5001425,1154400
5001426,1062237
5001427,1180019
5001428,1058974
5001429,1083637
5001430,1071265
5001431,1069762
5001432,1115922
5001433,1092729
5001434,1089975
5001435,1152760
5001436,1090877
5001437,1008802
5001438,1117481
5001439,1154223
5001440,1083446
5001441,1133895
5001442,1075395
5001443,1191748
5001444,1097595
5001445,1173261
5001446,1085181
5001447,1124128
5001448,1080289
5001449,1056503
5001450,1145190
5001451,1019787
5001452,1185323
5001453,1010610
5001454,1190771
5001455,1118706
5001456,1006626
5001457,1190343
5001458,1089807
5001459,1169195
5001460,1033252
5001461,1048527
5001462,1090775
5001463,1075741
5001464,1175030
5001465,1116707
5001466,1086455
5001467,1076101
5001468,1007281
5001469,1111837
5001470,1133976
5001471,1017042
5001472,1111462
5001473,1105405
5001474,1181156
5001475,1119243
5001476,1099159
5001477,1085081
5001478,1152329
5001479,1182689
5001480,1121735
5001481,1103124
5001482,1092000
5001483,1158128
5001484,1189787
5001485,1105911
5001486,1072246
5001487,1162244
5001488,1114676
5001489,1118423
5001490,1177188
5001491,1140377
5001492,1046461
5001493,1053252
5001494,1052761
5001495,1078929
5001496,1075931
5001497,1179341
5001498,1093213
5001499,1033338
5001500,1199397
5001501,1140681
5001502,1023383
5001503,1172772
5001504,1159002
5001505,1032413
5001506,1119111
5001507,1162910
5001508,1110125
5001509,1144280
5001510,1140219
5001511,1113274
5001512,1050826
5001513,1127115
5001514,1185603
5001515,1086558
5001516,1081143
5001517,1190116
5001518,1071006
5001519,1068573
5001520,1193050
5001521,1134705
5001522,1147353
5001523,1024614
5001524,1006856
5001525,1062017
5001526,1101500
5001527,1062979
5001528,1025041
5001529,1106139
5001530,1127556
5001531,1179217
5001532,1161538
5001533,1025186
5001534,1116967
5001535,1162223
5001536,1080634
5001537,1194455
5001538,1145079
5001539,1063481
5001540,1127506
5001541,1184612
5001542,1161754
5001543,1133519
5001544,1149989
5001545,1108382
5001546,1077273
5001547,1013051
5001548,1065419
5001549,1165529
5001550,1091085
5001551,1039694
5001552,1024874
5001553,1146494
5001554,1144133
5001555,1029456
5001556,1096092
5001557,1201057
5001558,1189038
5001559,1059595
5001560,1197383
5001561,1005888
5001562,1034925
5001563,1133790
5001564,1082779
5001565,1177483
5001566,1165004
5001567,1134011
5001568,1127915
5001569,1061370
5001570,1153531
5001571,1022514
5001572,1141245
5001573,1131062
5001574,1102116
5001575,1013747
5001576,1135173
5001577,1162956
5001578,1028345
5001579,1164525
5001580,1112447
5001581,1137656
5001582,1140582
5001583,1040389
5001584,1127482
5001585,1063324
5001586,1102572
5001587,1146758
5001588,1149631
5001589,1034918
5001590,1176683
5001591,1041305
5001592,1088969
5001593,1146710
5001594,1001868
5001595,1133917
5001596,1106321
5001597,1095131
5001598,1085041
5001599,1011966
5001600,1090683
5001601,1131444
5001602,1060684
5001603,1077073
5001604,1146516
5001605,1009472
5001606,1109088
5001607,1162719
5001608,1073801
5001609,1048176
5001610,1165888
5001611,1193631
5001612,1187279
5001613,1051234
5001614,1078067
5001615,1068315
5001616,1173838
5001617,1134062
5001618,1123633
5001619,1167375
5001620,1179747
5001621,1087360
5001622,1180723
5001623,1121836
5001624,1053900
5001625,1055446
5001626,1038180
5001627,1060817
5001628,1005704
5001629,1006216
5001630,1000998
5001631,1045866
5001632,1100483
5001633,1131901
5001634,1032348
5001635,1136924
5001636,1044463
5001637,1136200
5001638,1051313
5001639,1036645
5001640,1012435
5001641,1037433
5001642,1068691
5001643,1012440
5001644,1053118
5001645,1085276
5001646,1018172
5001647,1153182
5001648,1035003
5001649,1006742
5001650,1024289
5001651,1116665
5001652,1134789
5001653,1069753
5001654,1031972
5001655,1004212
5001656,1101630
5001657,1145798
5001658,1140996
5001659,1053224
5001660,1181151
5001661,1191313
5001662,1090732
5001663,1023998
5001664,1159900
5001665,1132921
5001666,1052999
5001667,1176431
5001668,1139723
5001669,1176377
5001670,1070828
5001671,1028481
5001672,1029519
5001673,1050909
5001674,1175552
5001675,1167691
5001676,1130817
5001677,1095378
5001678,1114051
5001679,1167835
5001680,1113317
5001681,1061271
5001682,1004167
5001683,1189082
5001684,1198778
5001685,1156668
5001686,1186430
5001687,1044714
5001688,1077652
5001689,1139759
5001690,1013962
5001691,1009226
5001692,1055403
5001693,1117294
5001694,1141791
5001695,1070245
5001696,1154935
5001697,1043365
5001698,1141785
5001699,1095703
5001700,1111682
5001701,1198611
5001702,1108955
5001703,1073575
5001704,1007551
5001705,1167934
5001706,1103470
5001707,1030318
5001708,1113122
5001709,1010904
5001710,1169012
5001711,1107779
5001712,1159615
5001713,1105514
5001714,1084148
5001715,1085288
5001716,1062211
5001717,1029705
5001718,1135970
5001719,1094722
5001720,1035328
5001721,1051672
5001722,1011921
5001723,1024634
5001724,1175190
5001725,1089649
5001726,1151759
5001727,1065330
5001728,1176979
5001729,1182350
5001730,1110026
5001731,1148091
5001732,1123041
5001733,1069830
5001734,1098750
5001735,1175057
5001736,1136433
5001737,1149468
5001738,1120882
5001739,1087899
5001740,1055859
5001741,1106318
5001742,1069783
5001743,1118172
5001744,1033179
5001745,1175385
5001746,1196920
5001747,1031186
5001748,1150505
5001749,1197272
5001750,1105407
5001751,1176768
5001752,1121431
5001753,1151851
5001754,1182248
5001755,1169146
5001756,1171025
5001757,1183196
5001758,1079337
5001759,1166746
5001760,1095048
5001761,1168261
5001762,1083531
5001763,1144997
5001764,1077441
5001765,1168557
5001766,1035496
5001767,1021270
5001768,1045906
5001769,1113599
5001770,1072571
5001771,1163992
5001772,1162627
5001773,1055074
5001774,1131579
5001775,1078905
5001776,1004500
5001777,1148412
5001778,1089131
5001779,1184372
5001780,1161051
5001781,1016128
5001782,1176578
5001783,1100768
5001784,1129417
5001785,1032665
5001786,1091605
5001787,1046155
5001788,1199975
5001789,1040115
5001790,1128241
5001791,1082591
5001792,1199186
5001793,1190767
5001794,1196588
5001795,1024936
5001796,1192797
5001797,1176225
5001798,1186949
5001799,1063898
5001800,1167244
5001801,1104328
5001802,1007961
5001803,1081012
5001804,1077750
5001805,1140919
5001806,1007020
5001807,1024014
5001808,1132348
5001809,1107202
5001810,1154788
5001811,1029383
5001812,1061561
5001813,1002056
5001814,1133150
5001815,1169967
5001816,1155235
5001817,1026938
5001818,1141105
5001819,1041039
5001820,1179251
5001821,1010193
5001822,1080454
5001823,1180204
5001824,1156798
5001825,1193469
5001826,1086799
5001827,1058058
5001828,1037372
5001829,1026448
5001830,1022170
5001831,1088497
5001832,1168495
5001833,1039847
5001834,1065684
5001835,1165417
5001836,1189043
5001837,1134953
5001838,1196148
5001839,1143925
5001840,1023560
5001841,1113262
5001842,1118130
5001843,1154279
5001844,1025851
5001845,1096964
5001846,1160192
5001847,1127800
5001848,1192425
5001849,1155129
5001850,1029464
5001851,1007947
5001852,1169022
5001853,1201308
5001854,1157730
5001855,1182253
5001856,1043431
5001857,1063609
5001858,1044081
5001859,1077395
5001860,1091940
5001861,1057365
5001862,1040649
5001863,1073268
5001864,1077404
5001865,1129825
5001866,1167187
5001867,1026944
5001868,1177115
5001869,1147513
5001870,1073175
5001871,1094859
5001872,1181416
5001873,1168142
5001874,1046049
5001875,1148844
5001876,1006758
5001877,1032228
5001878,1031549
5001879,1128966
5001880,1018891
5001881,1184234
5001882,1087522
5001883,1148405
5001884,1112237
5001885,1165309
5001886,1148511
5001887,1046001
5001888,1023304
5001889,1104760
5001890,1156925
5001891,1078350
5001892,1175004
5001893,1038752
5001894,1028947
5001895,1036850
5001896,1002320
5001897,1076765
5001898,1121155
5001899,1030605
5001900,1118526
5001901,1190595
5001902,1049440
5001903,1069306
5001904,1141960
5001905,1163038
5001906,1067567
5001907,1079652
5001908,1155409
5001909,1108297
5001910,1105744
5001911,1188607
5001912,1026785
5001913,1071864
5001914,1151163
5001915,1030915
5001916,1037466
5001917,1133948
5001918,1061561
5001919,1045361
5001920,1117268
5001921,1147004
5001922,1136207
5001923,1121362
5001924,1039203
5001925,1195231
5001926,1137929
5001927,1118982
5001928,1136259
5001929,1009803
5001930,1079078
5001931,1193644
5001932,1144410
5001933,1173399
5001934,1066373
5001935,1026664
5001936,1062327
5001937,1157454
5001938,1182353
5001939,1123862
5001940,1110195
5001941,1200700
5001942,1150508
5001943,1077744
5001944,1148346
5001945,1195737
5001946,1018338
5001947,1098869
5001948,1097717
5001949,1001325
5001950,1152953
5001951,1088307
5001952,1095568
5001953,1033639
5001954,1022919
5001955,1190238
5001956,1182834
5001957,1009245
5001958,1099965
5001959,1171076
5001960,1062538
5001961,1031675
5001962,1089543
5001963,1131999
5001964,1148267
5001965,1141486
5001966,1099279
5001967,1094174
5001968,1021494
5001969,1186059
5001970,1023621
5001971,1185811
5001972,1025667
5001973,1089747
5001974,1152551
5001975,1025129
5001976,1190342
5001977,1063310
5001978,1123495
5001979,1091696
5001980,1169282
5001981,1196033
5001982,1004542
5001983,1145464
5001984,1164955
5001985,1155652
5001986,1108023
5001987,1167385
5001988,1104632
5001989,1051450
5001990,1007332
5001991,1051880
5001992,1179552
5001993,1115093
5001994,1122250
5001995,1072993
5001996,1034968
5001997,1195573
5001998,1194805
5001999,1038592
5002000,1003884
5002001,1103293
5002002,1045936
5002003,1092576
5002004,1045470
5002005,1116048
5002006,1180992
5002007,1138536
5002008,1041417
5002009,1130369
5002010,1066691
5002011,1103002
5002012,1167669
5002013,1142442
5002014,1163046
5002015,1106015
5002016,1003713
5002017,1018546
5002018,1175607
5002019,1016113
5002020,1030445
5002021,1066631
5002022,1199041
5002023,1034685
5002024,1195482
5002025,1031350
5002026,1032742
5002027,1025848
5002028,1098981
5002029,1053692
5002030,1181717
5002031,1164353
5002032,1129173
5002033,1118656
5002034,1078459
5002035,1079422
5002036,1177858
5002037,1062759
5002038,1121249
5002039,1096404
5002040,1078491
5002041,1192552
5002042,1129481
5002043,1190247
5002044,1140293
5002045,1191309
5002046,1021207
5002047,1101967
5002048,1109104
5002049,1199573
5002050,1090230
5002051,1055097
5002052,1185424
5002053,1092640
5002054,1193162
5002055,1071023
5002056,1197877
5002057,1011645
5002058,1045103
5002059,1133345
5002060,1195151
5002061,1097888
5002062,1056085
5002063,1000543
5002064,1072281
5002065,1188576
5002066,1097856
5002067,1180389
5002068,1022612
5002069,1108688
5002070,1179273
5002071,1001661
5002072,1033654
5002073,1089904
5002074,1166487
5002075,1055090
5002076,1025998
5002077,1053555
5002078,1198671
5002079,1035763
5002080,1081967
5002081,1110154
5002082,1085788
5002083,1131596
5002084,1048089
5002085,1044918
5002086,1109789
5002087,1014598
5002088,1168910
5002089,1124881
5002090,1030380
5002091,1099144
5002092,1173034
5002093,1170852
5002094,1096562
5002095,1180916
5002096,1106458
5002097,1164641
5002098,1087578
5002099,1037260
5002100,1123111
5002101,1102670
5002102,1169035
5002103,1124256
5002104,1142643
5002105,1073507
5002106,1044674
5002107,1119926
5002108,1109243
5002109,1141018
5002110,1171460
5002111,1157553
5002112,1197311
5002113,1144268
5002114,1031204
5002115,1089963
5002116,1124186
5002117,1180633
5002118,1135195
5002119,1128158
5002120,1092906
5002121,1113517
5002122,1157761
5002123,1058922
5002124,1069727
5002125,1193921
5002126,1144091
5002127,1125534
5002128,1087920
5002129,1090795
5002130,1060151
5002131,1005761
5002132,1099187
5002133,1010786
5002134,1084948
5002135,1130140
5002136,1009670
5002137,1008541
5002138,1117133
5002139,1067484
5002140,1008111
5002141,1194617
5002142,1175342
5002143,1148001
5002144,1131426
5002145,1097544
5002146,1132173
5002147,1027278
5002148,1152367
5002149,1187986
5002150,1057932
5002151,1190692
5002152,1118675
5002153,1153039
5002154,1143905
5002155,1008380
5002156,1000073
5002157,1161846
5002158,1152860
5002159,1142811
5002160,1074646
5002161,1047387
5002162,1171418
5002163,1184422
5002164,1009570
5002165,1112085
5002166,1042648
5002167,1099038
5002168,1152915
5002169,1163486
5002170,1081814
5002171,1182387
5002172,1075659
5002173,1182596
5002174,1133149
5002175,1022246
5002176,1083057
5002177,1125635
5002178,1081547
5002179,1014789
5002180,1081271
5002181,1179823
5002182,1014416
5002183,1183583
5002184,1129771
5002185,1018850
5002186,1020337
5002187,1011519
5002188,1097778
5002189,1147667
5002190,1192349
5002191,1163798
5002192,1025795
5002193,1169517
5002194,1197746
5002195,1194868
5002196,1020336
5002197,1138531
5002198,1129385
5002199,1162835
5002200,1081298
5002201,1123149
5002202,1119093
5002203,1006106
5002204,1158021
5002205,1168877
5002206,1189598
5002207,1102597
5002208,1128030
5002209,1006750
5002210,1158668
5002211,1117212
5002212,1128448
5002213,1191001
5002214,1160740
5002215,1089701
5002216,1039310
5002217,1147271
5002218,1112697
5002219,1076907
5002220,1003819
5002221,1193778
5002222,1188166
5002223,1051639
5002224,1091055
5002225,1149262
5002226,1115138
5002227,1021672
5002228,1108670
5002229,1118857
5002230,1080155
5002231,1086199
5002232,1065093
5002233,1177033
5002234,1177483
5002235,1003303
5002236,1086691
5002237,1003040
5002238,1143198
5002239,1040485
5002240,1109386
5002241,1055938
5002242,1143622
5002243,1006394
5002244,1197564
5002245,1096834
5002246,1016385
5002247,1013222
5002248,1089300
5002249,1099436
5002250,1098238
5002251,1008509
5002252,1016567
5002253,1188053
5002254,1109314
5002255,1169474
5002256,1178341
5002257,1111672
5002258,1047924
5002259,1188368
5002260,1089364
5002261,1152517
5002262,1078589
5002263,1087389
5002264,1053257
5002265,1047823
5002266,1113520
5002267,1175687
5002268,1154388
5002269,1174597
5002270,1063111
5002271,1087953
5002272,1183745
5002273,1146580
5002274,1179005
5002275,1084666
5002276,1186145
5002277,1050628
5002278,1170396
5002279,1070316
5002280,1057341
5002281,1148495
5002282,1107033
5002283,1133062
5002284,1181662
5002285,1042394
5002286,1101809
5002287,1095878
5002288,1133091
5002289,1184756
5002290,1098805
5002291,1174903
5002292,1071634
5002293,1068761
5002294,1168088
5002295,1174780
5002296,1051279
5002297,1085282
5002298,1200799
5002299,1029288
5002300,1115889
5002301,1014673
5002302,1072425
5002303,1005545
5002304,1072955
5002305,1001422
5002306,1111471
5002307,1108949
5002308,1084165
5002309,1198206
5002310,1131740
5002311,1035719
5002312,1177190
5002313,1118651
5002314,1092451
5002315,1036863
5002316,1025978
5002317,1142386
5002318,1167161
5002319,1200029
5002320,1163133
5002321,1080479
5002322,1094523
5002323,1037683
5002324,1027923
5002325,1097614
5002326,1115869
5002327,1180926
5002328,1164048
5002329,1094951
5002330,1175937
5002331,1161981
5002332,1061742
5002333,1153520
5002334,1062236
5002335,1172148
5002336,1030583
5002337,1058308
5002338,1173764
5002339,1197920
5002340,1121756
5002341,1122191
5002342,1123063
5002343,1035220
5002344,1151681
5002345,1112050
5002346,1043420
5002347,1189829
5002348,1061755
5002349,1126110
5002350,1037621
5002351,1085561
5002352,1051261
5002353,1069656
5002354,1011967
5002355,1030001
5002356,1063396
5002357,1071394
5002358,1050757
5002359,1108602
5002360,1169225
5002361,1164798
5002362,1114108
5002363,1061009
5002364,1142232
5002365,1010366
5002366,1073191
5002367,1086826
5002368,1162156
5002369,1126990
5002370,1127559
5002371,1059397
5002372,1056868
5002373,1033501
5002374,1038643
5002375,1066346
5002376,1154362
5002377,1128427
5002378,1067322
5002379,1098602
5002380,1123749
5002381,1013156
5002382,1023204
5002383,1195152
5002384,1028609
5002385,1116554
5002386,1191493
5002387,1103873
5002388,1009323
5002389,1121635
5002390,1010057
5002391,1148536
5002392,1198696
5002393,1131505
5002394,1075512
5002395,1164762
5002396,1009700
5002397,1093309
5002398,1053497
5002399,1127386
5002400,1110994
5002401,1004755
5002402,1115035
5002403,1031007
5002404,1062715
5002405,1193838
5002406,1150258
5002407,1038072
5002408,1033475
5002409,1107790
5002410,1158816
5002411,1044222
5002412,1045025
5002413,1087027
5002414,1067086
5002415,1132054
5002416,1038071
5002417,1085794
5002418,1040614
5002419,1039080
5002420,1143854
5002421,1130475
5002422,1037009
5002423,1025773
5002424,1148093
5002425,1043842
5002426,1118438
5002427,1123796
5002428,1016057
5002429,1020923
5002430,1030888
5002431,1125901
5002432,1037533
5002433,1061144
5002434,1096240
5002435,1131328
5002436,1178994
5002437,1166951
5002438,1167852
5002439,1107102
5002440,1094440
5002441,1097232
5002442,1195867
5002443,1054118
5002444,1186278
5002445,1173919
5002446,1123456
5002447,1023054
5002448,1113182
5002449,1041665
5002450,1042383
5002451,1033581
5002452,1000191
5002453,1125887
5002454,1045956
5002455,1189080
5002456,1129207
5002457,1183907
5002458,1167619
5002459,1090850
5002460,1157522
5002461,1194242
5002462,1140933
5002463,1181445
5002464,1010637
5002465,1020582
5002466,1005552
5002467,1004386
5002468,1031304
5002469,1013717
5002470,1144994
5002471,1106989
5002472,1087016
5002473,1187508
5002474,1134004
5002475,1122954
5002476,1052687
5002477,1009274
5002478,1194166
5002479,1131965
5002480,1176165
5002481,1006532
5002482,1043685
5002483,1172512
5002484,1055527
5002485,1127366
5002486,1133395
5002487,1041312
5002488,1066877
5002489,1125731
5002490,1075797
5002491,1118321
5002492,1034962
5002493,1071198
5002494,1072011
5002495,1030057
5002496,1127419
5002497,1121743
5002498,1195162
5002499,1002397
5002500,1072197
5002501,1062293
5002502,1027095
5002503,1046149
5002504,1173800
5002505,1010574
5002506,1036985
5002507,1000694
5002508,1180477
5002509,1061451
5002510,1116754
5002511,1056333
5002512,1152520
5002513,1058913
5002514,1197075
5002515,1029267
5002516,1015531
5002517,1091641
5002518,1030818
5002519,1042362
5002520,1120562
5002521,1105448
5002522,1137865
5002523,1147429
5002524,1159241
5002525,1062132
5002526,1145585
5002527,1054644
5002528,1078175
5002529,1102328
5002530,1055619
5002531,1067778
5002532,1165493
5002533,1110141
5002534,1198245
5002535,1006464
5002536,1000990
5002537,1102235
5002538,1196297
5002539,1067667
5002540,1164633
5002541,1113122
5002542,1128951
5002543,1201303
5002544,1140586
5002545,1020027
5002546,1077365
5002547,1101277
5002548,1043117
5002549,1117348
5002550,1025788
5002551,1066159
5002552,1107737
5002553,1164797
5002554,1169335
5002555,1159743
5002556,1148504
5002557,1133940
5002558,1146890
5002559,1037908
5002560,1096457
5002561,1103344
5002562,1081667
5002563,1088348
5002564,1186225
5002565,1126853
5002566,1187717
5002567,1157923
5002568,1081341
5002569,1021064
5002570,1154068
5002571,1096926
5002572,1055045
5002573,1020458
5002574,1111458
5002575,1135638
5002576,1031874
5002577,1145803
5002578,1147568
5002579,1106797
5002580,1148359
5002581,1105688
5002582,1153165
5002583,1002043
5002584,1125561
5002585,1171450
5002586,1094817
5002587,1187375
5002588,1116941
5002589,1201067
5002590,1125071
5002591,1072754
5002592,1101473
5002593,1087188
5002594,1172497
5002595,1106315
5002596,1181841
5002597,1098088
5002598,1001092
5002599,1023380
5002600,1188297
5002601,1084505
5002602,1091191
5002603,1054512
5002604,1145453
5002605,1156145
5002606,1163851
5002607,1017022
5002608,1121335
5002609,1100018
5002610,1061495
5002611,1008320
5002612,1160411
5002613,1079322
5002614,1120826
5002615,1120236
5002616,1174263
5002617,1053659
5002618,1195246
5002619,1167802
5002620,1067534
5002621,1018035
5002622,1039857
5002623,1090409
5002624,1044832
5002625,1049908
5002626,1041744
5002627,1174273
5002628,1029895
5002629,1161631
5002630,1196380
5002631,1053880
5002632,1015534
5002633,1125166
5002634,1168389
5002635,1092425
5002636,1170013
5002637,1153023
5002638,1089149
5002639,1033236
5002640,1034906
5002641,1135918
5002642,1005350
5002643,1059376
5002644,1088818
5002645,1003855
5002646,1143124
5002647,1083177
5002648,1159652
5002649,1048844
5002650,1166482
5002651,1094761
5002652,1188513
5002653,1099184
5002654,1010087
5002655,1102546
5002656,1041454
5002657,1143430
5002658,1087445
5002659,1194528
5002660,1044038
5002661,1112893
5002662,1052302
5002663,1061899
5002664,1007097
5002665,1018275
5002666,1155265
5002667,1062005
5002668,1049214
5002669,1135536
5002670,1004779
5002671,1181896
5002672,1125108
5002673,1015490
5002674,1082474
5002675,1187972
5002676,1073584
5002677,1003405
5002678,1104174
5002679,1172743
5002680,1173967
5002681,1198191
5002682,1099406
5002683,1062523
5002684,1062041
5002685,1105063
5002686,1160189
5002687,1143370
5002688,1142045
5002689,1075831
5002690,1175965
5002691,1008883
5002692,1134985
5002693,1052015
5002694,1023567
5002695,1196514
5002696,1176303
5002697,1133696
5002698,1041924
5002699,1043409
5002700,1069878
5002701,1065708
5002702,1093261
5002703,1157092
5002704,1098692
5002705,1089830
5002706,1163423
5002707,1156131
5002708,1034530
5002709,1025187
5002710,1142910
5002711,1179816
5002712,1136915
5002713,1138930
5002714,1007855
5002715,1049872
5002716,1084637
5002717,1130331
5002718,1142930
5002719,1065364
5002720,1126546
5002721,1001224
5002722,1050268
5002723,1020508
5002724,1032481
5002725,1088620
5002726,1123423
5002727,1130090
5002728,1025311
5002729,1040044
5002730,1153600
5002731,1183309
5002732,1192639
5002733,1124521
5002734,1181234
5002735,1032160
5002736,1048859
5002737,1123849
5002738,1144998
5002739,1013961
5002740,1152483
5002741,1149614
5002742,1128465
5002743,1066984
5002744,1083229
5002745,1095034
5002746,1196789
5002747,1180580
5002748,1155329
5002749,1155237
5002750,1056445
5002751,1086969
5002752,1030518
5002753,1145812
5002754,1065409
5002755,1035702
5002756,1092624
5002757,1013449
5002758,1177011
5002759,1179949
5002760,1087815
5002761,1147867
5002762,1046229
5002763,1135945
5002764,1005814
5002765,1012359
5002766,1051847
5002767,1039840
5002768,1152342
5002769,1143760
5002770,1023095
5002771,1133672
5002772,1043234
5002773,1186336
5002774,1166632
5002775,1112189
5002776,1201317
5002777,1145022
5002778,1173654
5002779,1134074
5002780,1161464
5002781,1183599
5002782,1031335
5002783,1167722
5002784,1096907
5002785,1117127
5002786,1130955
5002787,1067751
5002788,1136024
5002789,1000287
5002790,1032192
5002791,1032982
5002792,1138768
5002793,1183292
5002794,1118708
5002795,1027291
5002796,1026895
5002797,1103863
5002798,1196567
5002799,1142893
5002800,1136829
5002801,1186099
5002802,1179923
5002803,1122466
5002804,1171480
5002805,1079419
5002806,1188384
5002807,1008131
5002808,1119856
5002809,1088557
5002810,1014433
5002811,1025141
5002812,1159070
5002813,1155074
5002814,1002869
5002815,1168644
5002816,1040662
5002817,1184427
5002818,1173339
5002819,1150350
5002820,1068818
5002821,1079817
5002822,1028110
5002823,1017665
5002824,1029929
5002825,1021774
5002826,1197015
5002827,1022222
5002828,1021529
5002829,1093221
5002830,1078728
5002831,1110655
5002832,1039770
5002833,1042679
5002834,1110336
5002835,1129771
5002836,1144935
5002837,1017614
5002838,1161005
5002839,1059712
5002840,1155549
5002841,1006908
5002842,1066582
5002843,1035537
5002844,1126318
5002845,1138719
5002846,1168779
5002847,1018160
5002848,1159370
5002849,1010342
5002850,1033028
5002851,1098436
5002852,1171985
5002853,1060532
5002854,1011977
5002855,1175177
5002856,1020018
5002857,1155881
5002858,1023361
5002859,1193596
5002860,1077607
5002861,1105363
5002862,1057336
5002863,1195144
5002864,1131625
5002865,1194335
5002866,1143472
5002867,1042261
5002868,1051257
5002869,1141754
5002870,1000978
5002871,1125805
5002872,1197329
5002873,1010599
5002874,1090265
5002875,1109169
5002876,1018371
5002877,1105843
5002878,1021982
5002879,1057062
5002880,1147443
5002881,1167619
5002882,1065827
5002883,1112244
5002884,1131615
5002885,1007451
5002886,1019892
5002887,1068016
5002888,1102213
5002889,1084973
5002890,1148997
5002891,1018408
5002892,1110420
5002893,1111327
5002894,1017202
5002895,1091630
5002896,1109153
5002897,1051526
5002898,1009798
5002899,1047584
5002900,1092874
5002901,1159758
5002902,1098677
5002903,1054185
5002904,1153050
5002905,1079842
5002906,1154994
5002907,1005891
5002908,1007564
5002909,1182751
5002910,1078905
5002911,1008891
5002912,1162334
5002913,1093838
5002914,1166734
5002915,1087582
5002916,1159595
5002917,1171663
5002918,1119131
5002919,1006686
5002920,1025393
5002921,1189587
5002922,1095340
5002923,1176468
5002924,1108582
5002925,1184644
5002926,1045486
5002927,1115890
5002928,1083764
5002929,1038748
5002930,1000384
5002931,1106384
5002932,1036201
5002933,1171342
5002934,1137498
5002935,1084615
5002936,1039123
5002937,1091823
5002938,1181638
5002939,1022950
5002940,1001875
5002941,1072815
5002942,1171858
5002943,1119232
5002944,1189753
5002945,1053170
5002946,1114351
5002947,1005235
5002948,1051539
5002949,1067755
5002950,1091873
5002951,1001714
5002952,1144598
5002953,1095854
5002954,1143626
5002955,1148378
5002956,1014789
5002957,1080317
5002958,1036770
5002959,1060923
5002960,1027614
5002961,1167392
5002962,1175758
5002963,1187612
5002964,1180273
5002965,1187934
5002966,1137299
5002967,1116466
5002968,1028873
5002969,1154212
5002970,1015309
5002971,1063092
5002972,1169218
5002973,1178263
5002974,1034842
5002975,1121303
5002976,1050229
5002977,1118574
5002978,1141012
5002979,1010161
5002980,1134813
5002981,1023253
5002982,1098391
5002983,1132083
5002984,1131117
5002985,1128404
5002986,1186011
5002987,1143831
5002988,1153039
5002989,1051324
5002990,1131476
5002991,1062644
5002992,1003738
5002993,1035887
5002994,1153088
5002995,1198930
5002996,1127962
5002997,1059330
5002998,1190755
5002999,1156272
5003000,1141993
5003001,1110138
5003002,1164652
5003003,1173968
5003004,1132282
5003005,1073368
5003006,1075229
5003007,1170923
5003008,1136399
5003009,1162822
5003010,1083317
5003011,1194290
5003012,1038808
5003013,1167371
5003014,1046367
5003015,1087519
5003016,1051263
5003017,1133066
5003018,1139635
5003019,1062109
5003020,1038656
5003021,1074438
5003022,1083284
5003023,1146600
5003024,1031781
5003025,1073278
5003026,1023634
5003027,1022612
5003028,1108786
5003029,1093049
5003030,1006247
5003031,1154661
5003032,1068661
5003033,1030901
5003034,1040222
5003035,1084883
5003036,1070280
5003037,1119367
5003038,1184833
5003039,1180226
5003040,1138677
5003041,1002260
5003042,1115814
5003043,1020908
5003044,1044611
5003045,1185620
5003046,1078728
5003047,1030702
5003048,1105488
5003049,1190875
5003050,1122021
5003051,1074137
5003052,1034086
5003053,1121628
5003054,1197850
5003055,1093295
5003056,1137342
5003057,1046415
5003058,1163849
5003059,1055206
5003060,1006976
5003061,1169905
5003062,1108631
5003063,1116237
5003064,1059191
5003065,1200611
5003066,1152627
5003067,1189771
5003068,1035678
5003069,1197563
5003070,1100853
5003071,1018989
5003072,1184727
5003073,1177130
5003074,1096739
5003075,1008792
5003076,1144400
5003077,1189294
5003078,1142168
5003079,1027845
5003080,1078117
5003081,1054181
5003082,1130881
5003083,1123860
5003084,1098443
5003085,1074734
5003086,1127722
5003087,1193692
5003088,1175740
5003089,1163006
5003090,1117726
5003091,1042352
5003092,1069294
5003093,1139472
5003094,1149598
5003095,1080866
5003096,1178030
5003097,1002868
5003098,1093682
5003099,1010537
5003100,1074413
5003101,1172198
5003102,1138021
5003103,1018015
5003104,1105423
5003105,1006439
5003106,1177345
5003107,1009959
5003108,1156007
5003109,1045675
5003110,1084670
5003111,1157305
5003112,1170915
5003113,1110946
5003114,1074063
5003115,1069524
5003116,1040479
5003117,1052934
5003118,1136815
5003119,1150633
5003120,1092180
5003121,1037953
5003122,1106427
5003123,1102583
5003124,1103300
5003125,1194237
5003126,1192812
5003127,1113203
5003128,1000934
5003129,1149837
5003130,1139547
5003131,1072100
5003132,1128007
5003133,1008859
5003134,1023310
5003135,1095541
5003136,1126201
5003137,1025544
5003138,1061494
5003139,1032965
5003140,1119473
5003141,1141817
5003142,1161651
5003143,1030753
5003144,1102896
5003145,1077890
5003146,1186316
5003147,1196330
5003148,1069508
5003149,1122362
5003150,1047964
5003151,1108152
5003152,1082037
5003153,1052011
5003154,1100463
5003155,1149954
5003156,1050055
5003157,1048249
5003158,1116060
5003159,1096922
5003160,1174548
5003161,1037363
5003162,1136185
5003163,1039536
5003164,1142879
5003165,1051775
5003166,1118508
5003167,1163881
5003168,1097557
5003169,1060820
5003170,1033743
5003171,1074433
5003172,1108585
5003173,1142500
5003174,1155631
5003175,1144237
5003176,1084832
5003177,1010035
5003178,1133434
5003179,1070408
5003180,1039951
5003181,1018144
5003182,1181265
5003183,1087600
5003184,1175311
5003185,1089965
5003186,1099775
5003187,1165984
5003188,1045378
5003189,1043503
5003190,1131312
5003191,1145627
5003192,1024061
5003193,1171338
5003194,1042421
5003195,1169135
5003196,1080918
5003197,1111470
5003198,1108033
5003199,1154120
5003200,1020773
5003201,1004375
5003202,1065871
5003203,1099473
5003204,1108746
5003205,1104043
5003206,1062710
5003207,1193232
5003208,1070827
5003209,1185747
5003210,1183147
5003211,1045647
5003212,1188242
5003213,1090999
5003214,1194297
5003215,1078869
5003216,1064506
5003217,1046344
5003218,1042705
5003219,1167554
5003220,1119006
5003221,1135354
5003222,1003823
5003223,1130669
5003224,1029755
5003225,1186331
5003226,1082511
5003227,1117443
5003228,1137622
5003229,1133352
5003230,1001912
5003231,1064006
5003232,1171224
5003233,1115951
5003234,1095826
5003235,1078991
5003236,1117857
5003237,1022226
5003238,1033407
5003239,1100102
5003240,1194050
5003241,1168026
5003242,1099592
5003243,1072147
5003244,1014509
5003245,1161808
5003246,1187628
5003247,1106261
5003248,1095802
5003249,1186963
5003250,1033190
5003251,1181727
5003252,1036281
5003253,1100744
5003254,1120812
5003255,1078057
5003256,1095708
5003257,1082227
5003258,1011871
5003259,1128956
5003260,1193033
5003261,1017630
5003262,1017938
5003263,1180016
5003264,1093980
5003265,1046696
5003266,1110417
5003267,1162322
5003268,1033123
5003269,1140391
5003270,1104245
5003271,1077939
5003272,1200318
5003273,1132875
5003274,1190052
5003275,1174392
5003276,1110497
5003277,1027431
5003278,1082981
5003279,1062462
5003280,1137361
5003281,1166213
5003282,1083769
5003283,1117042
5003284,1148972
5003285,1125820
5003286,1056944
5003287,1180365
5003288,1054661
5003289,1093370
5003290,1100990
5003291,1051663
5003292,1075835
5003293,1066717
5003294,1010060
5003295,1089229
5003296,1091029
5003297,1087790
5003298,1018724
5003299,1007101
5003300,1181295
5003301,1154403
5003302,1166300
5003303,1105384
5003304,1020685
5003305,1120208
5003306,1035000
5003307,1129273
5003308,1153756
5003309,1133200
5003310,1007239
5003311,1189030
5003312,1102256
5003313,1160421
5003314,1059141
5003315,1115757
5003316,1043944
5003317,1124868
5003318,1040154
5003319,1041178
5003320,1172046
5003321,1163806
5003322,1141304
5003323,1128508
5003324,1167916
5003325,1146870
5003326,1087141
5003327,1027061
5003328,1170691
5003329,1008443
5003330,1200965
5003331,1101886
5003332,1051489
5003333,1055392
5003334,1153298
5003335,1028053
5003336,1158380
5003337,1001491
5003338,1026775
5003339,1079192
5003340,1100698
5003341,1197468
5003342,1076454
5003343,1137792
5003344,1118819
5003345,1059425
5003346,1171907
5003347,1054588
5003348,1024386
5003349,1156217
5003350,1116572
5003351,1194176
5003352,1105149
5003353,1065742
5003354,1145358
5003355,1007402
5003356,1180388
5003357,1139902
5003358,1019426
5003359,1016403
5003360,1039111
5003361,1017627
5003362,1085836
5003363,1079428
5003364,1125672
5003365,1100382
5003366,1108293
5003367,1047804
5003368,1049946
5003369,1086695
5003370,1044023
5003371,1013779
5003372,1104160
5003373,1153059
5003374,1147131
5003375,1136371
5003376,1172397
5003377,1118412
5003378,1007780
5003379,1077383
5003380,1051986
5003381,1084411
5003382,1173459
5003383,1089032
5003384,1102878
5003385,1089251
5003386,1085388
5003387,1018061
5003388,1101422
5003389,1119227
5003390,1162279
5003391,1196771
5003392,1007046
5003393,1145183
5003394,1196405
5003395,1066976
5003396,1142961
5003397,1007810
5003398,1009491
5003399,1183740
5003400,1168310
5003401,1064323
5003402,1188944
5003403,1163076
5003404,1157011
5003405,1145636
5003406,1094129
5003407,1079725
5003408,1092874
5003409,1099339
5003410,1078875
5003411,1199202
5003412,1119529
5003413,1066979
5003414,1092625
5003415,1087720
5003416,1092525
5003417,1118431
5003418,1101094
5003419,1050997
5003420,1190545
5003421,1167265
5003422,1156536
5003423,1146543
5003424,1006745
5003425,1059271
5003426,1042688
5003427,1148862
5003428,1117438
5003429,1191152
5003430,1001645
5003431,1105261
5003432,1173523
5003433,1166756
5003434,1075389
5003435,1100568
5003436,1040596
5003437,1075047
5003438,1141602
5003439,1196195
5003440,1091015
5003441,1171791
5003442,1151302
5003443,1089756
5003444,1039843
5003445,1103518
5003446,1141931
5003447,1099302
5003448,1000796
5003449,1044985
5003450,1143935
5003451,1085060
5003452,1133331
5003453,1005911
5003454,1148061
5003455,1067291
5003456,1113022
5003457,1021462
5003458,1190981
5003459,1069237
5003460,1174646
5003461,1180223
5003462,1002049
5003463,1178211
5003464,1065805
5003465,1012623
5003466,1144343
5003467,1068385
5003468,1170085
5003469,1109908
5003470,1016922
5003471,1096651
5003472,1133748
5003473,1064304
5003474,1082459
5003475,1066782
5003476,1012337
5003477,1119696
5003478,1065516
5003479,1192064
5003480,1200500
5003481,1025362
5003482,1024067
5003483,1073787
5003484,1049673
5003485,1168586
5003486,1194342
5003487,1087678
5003488,1059341
5003489,1010388
5003490,1132527
5003491,1069548
5003492,1119693
5003493,1155728
5003494,1184591
5003495,1012999
5003496,1193337
5003497,1042465
5003498,1077171
5003499,1200886
5003500,1035093
5003501,1064581
5003502,1091028
5003503,1131437
5003504,1065075
5003505,1174896
5003506,1045975
5003507,1145735
5003508,1074214
5003509,1105106
5003510,1036503
5003511,1079884
5003512,1150681
5003513,1061509
5003514,1089176
5003515,1069796
5003516,1067950
5003517,1171493
5003518,1173595
5003519,1021901
5003520,1045981
5003521,1182794
5003522,1125139
5003523,1138443
5003524,1047359
5003525,1065758
5003526,1031429
5003527,1051650
5003528,1022435
5003529,1027456
5003530,1025031
5003531,1143649
5003532,1173852
5003533,1163714
5003534,1139336
5003535,1117776
5003536,1189060
5003537,1134988
5003538,1030735
5003539,1074009
5003540,1131937
5003541,1198507
5003542,1099404
5003543,1165233
5003544,1187850
5003545,1022560
5003546,1069064
5003547,1136709
5003548,1141842
5003549,1026815
5003550,1099420
5003551,1066117
5003552,1144624
5003553,1134911
5003554,1049255
5003555,1002097
5003556,1077001
5003557,1052003
5003558,1084935
5003559,1044942
5003560,1000543
5003561,1177082
5003562,1165664
5003563,1188769
5003564,1124466
5003565,1066482
5003566,1070211
5003567,1175297
5003568,1164419
5003569,1155926
5003570,1144615
5003571,1053821
5003572,1076061
5003573,1020830
5003574,1062180
5003575,1042628
5003576,1115231
5003577,1003339
5003578,1000522
5003579,1068054
5003580,1036774
5003581,1173652
5003582,1134014
5003583,1133033
5003584,1191114
5003585,1083630
5003586,1014256
5003587,1148588
5003588,1118658
5003589,1064022
5003590,1025091
5003591,1170363
5003592,1164238
5003593,1118504
5003594,1047012
5003595,1003148
5003596,1110700
5003597,1074196
5003598,1109212
5003599,1146033
5003600,1173011
5003601,1004075
5003602,1187467
5003603,1028197
5003604,1081783
5003605,1159119
5003606,1105148
5003607,1190444
5003608,1119971
5003609,1114539
5003610,1104436
5003611,1105843
5003612,1173906
5003613,1118131
5003614,1198173
5003615,1132974
5003616,1084769
5003617,1047597
5003618,1198545
5003619,1160970
5003620,1174118
5003621,1175102
5003622,1100137
5003623,1048593
5003624,1026957
5003625,1076083
5003626,1076068
5003627,1076043
5003628,1115847
5003629,1001845
5003630,1115058
5003631,1104627
5003632,1021180
5003633,1172519
5003634,1039020
5003635,1059088
5003636,1183910
5003637,1080749
5003638,1016782
5003639,1099370
5003640,1107310
5003641,1005807
5003642,1123046
5003643,1079249
5003644,1012729
5003645,1121102
5003646,1089733
5003647,1096844
5003648,1169869
5003649,1134356
5003650,1023701
5003651,1102811
5003652,1067941
5003653,1100247
5003654,1041648
5003655,1192458
5003656,1045178
5003657,1123964
5003658,1194456
5003659,1147969
5003660,1067357
5003661,1025542
5003662,1157005
